0 0
1 1
2 2
4 3
4 4
8 5
8 6
8 7
8 8
16 9
16 10
16 11
16 12
16 13
16 14
16 15
16 16
32 17
32 18
32 19
32 20
32 21
32 22
32 23
32 24
32 25
32 26
32 27
32 28
32 29
32 30
32 31
32 32
64 33
64 34
64 35
64 36
64 37
64 38
64 39
64 40
64 41
64 42
64 43
64 44
64 45
64 46
64 47
64 48
64 49
64 50
64 51
64 52
64 53
64 54
64 55
64 56
64 57
64 58
64 59
64 60
64 61
64 62
64 63
64 64
128 65
128 66
128 67
128 68
128 69
128 70
128 71
128 72
128 73
128 74
128 75
128 76
128 77
128 78
128 79
128 80
128 81
128 82
128 83
128 84
128 85
128 86
128 87
128 88
128 89
128 90
128 91
128 92
128 93
128 94
128 95
128 96
128 97
128 98
128 99
128 100
128 101
128 102
128 103
128 104
128 105
128 106
128 107
128 108
128 109
128 110
128 111
128 112
128 113
128 114
128 115
128 116
128 117
128 118
128 119
128 120
128 121
128 122
128 123
128 124
128 125
128 126
128 127
128 128
256 129
256 130
256 131
256 132
256 133
256 134
256 135
256 136
256 137
256 138
256 139
256 140
256 141
256 142
256 143
256 144
256 145
256 146
256 147
256 148
256 149
256 150
256 151
256 152
256 153
256 154
256 155
256 156
256 157
256 158
256 159
256 160
256 161
256 162
256 163
256 164
256 165
256 166
256 167
256 168
256 169
256 170
256 171
256 172
256 173
256 174
256 175
256 176
256 177
256 178
256 179
256 180
256 181
256 182
256 183
256 184
256 185
256 186
256 187
256 188
256 189
256 190
256 191
256 192
256 193
256 194
256 195
256 196
256 197
256 198
256 199
256 200
256 201
256 202
256 203
256 204
256 205
256 206
256 207
256 208
256 209
256 210
256 211
256 212
256 213
256 214
256 215
256 216
256 217
256 218
256 219
256 220
256 221
256 222
256 223
256 224
256 225
256 226
256 227
256 228
256 229
256 230
256 231
256 232
256 233
256 234
256 235
256 236
256 237
256 238
256 239
256 240
256 241
256 242
256 243
256 244
256 245
256 246
256 247
256 248
256 249
256 250
256 251
256 252
256 253
256 254
256 255
256 256
512 257
512 258
512 259
512 260
512 261
512 262
512 263
512 264
512 265
512 266
512 267
512 268
512 269
512 270
512 271
512 272
512 273
512 274
512 275
512 276
512 277
512 278
512 279
512 280
512 281
512 282
512 283
512 284
512 285
512 286
512 287
512 288
512 289
512 290
512 291
512 292
512 293
512 294
512 295
512 296
512 297
512 298
512 299
512 300
512 301
512 302
512 303
512 304
512 305
512 306
512 307
512 308
512 309
512 310
512 311
512 312
512 313
512 314
512 315
512 316
512 317
512 318
512 319
512 320
512 321
512 322
512 323
512 324
512 325
512 326
512 327
512 328
512 329
512 330
512 331
512 332
512 333
512 334
512 335
512 336
512 337
512 338
512 339
512 340
512 341
512 342
512 343
512 344
512 345
512 346
512 347
512 348
512 349
512 350
512 351
512 352
512 353
512 354
512 355
512 356
512 357
512 358
512 359
512 360
512 361
512 362
512 363
512 364
512 365
512 366
512 367
512 368
512 369
512 370
512 371
512 372
512 373
512 374
512 375
512 376
512 377
512 378
512 379
512 380
512 381
512 382
512 383
512 384
512 385
512 386
512 387
512 388
512 389
512 390
512 391
512 392
512 393
512 394
512 395
512 396
512 397
512 398
512 399
512 400
512 401
512 402
512 403
512 404
512 405
512 406
512 407
512 408
512 409
512 410
512 411
512 412
512 413
512 414
512 415
512 416
512 417
512 418
512 419
512 420
512 421
512 422
512 423
512 424
512 425
512 426
512 427
512 428
512 429
512 430
512 431
512 432
512 433
512 434
512 435
512 436
512 437
512 438
512 439
512 440
512 441
512 442
512 443
512 444
512 445
512 446
512 447
512 448
512 449
512 450
512 451
512 452
512 453
512 454
512 455
512 456
512 457
512 458
512 459
512 460
512 461
512 462
512 463
512 464
512 465
512 466
512 467
512 468
512 469
512 470
512 471
512 472
512 473
512 474
512 475
512 476
512 477
512 478
512 479
512 480
512 481
512 482
512 483
512 484
512 485
512 486
512 487
512 488
512 489
512 490
512 491
512 492
512 493
512 494
512 495
512 496
512 497
512 498
512 499
512 500
512 501
512 502
512 503
512 504
512 505
512 506
512 507
512 508
512 509
512 510
512 511
512 512
1024 513
1024 514
1024 515
1024 516
1024 517
1024 518
1024 519
1024 520
1024 521
1024 522
1024 523
1024 524
1024 525
1024 526
1024 527
1024 528
1024 529
1024 530
1024 531
1024 532
1024 533
1024 534
1024 535
1024 536
1024 537
1024 538
1024 539
1024 540
1024 541
1024 542
1024 543
1024 544
1024 545
1024 546
1024 547
1024 548
1024 549
1024 550
1024 551
1024 552
1024 553
1024 554
1024 555
1024 556
1024 557
1024 558
1024 559
1024 560
1024 561
1024 562
1024 563
1024 564
1024 565
1024 566
1024 567
1024 568
1024 569
1024 570
1024 571
1024 572
1024 573
1024 574
1024 575
1024 576
1024 577
1024 578
1024 579
1024 580
1024 581
1024 582
1024 583
1024 584
1024 585
1024 586
1024 587
1024 588
1024 589
1024 590
1024 591
1024 592
1024 593
1024 594
1024 595
1024 596
1024 597
1024 598
1024 599
1024 600
1024 601
1024 602
1024 603
1024 604
1024 605
1024 606
1024 607
1024 608
1024 609
1024 610
1024 611
1024 612
1024 613
1024 614
1024 615
1024 616
1024 617
1024 618
1024 619
1024 620
1024 621
1024 622
1024 623
1024 624
1024 625
1024 626
1024 627
1024 628
1024 629
1024 630
1024 631
1024 632
1024 633
1024 634
1024 635
1024 636
1024 637
1024 638
1024 639
1024 640
1024 641
1024 642
1024 643
1024 644
1024 645
1024 646
1024 647
1024 648
1024 649
1024 650
1024 651
1024 652
1024 653
1024 654
1024 655
1024 656
1024 657
1024 658
1024 659
1024 660
1024 661
1024 662
1024 663
1024 664
1024 665
1024 666
1024 667
1024 668
1024 669
1024 670
1024 671
1024 672
1024 673
1024 674
1024 675
1024 676
1024 677
1024 678
1024 679
1024 680
1024 681
1024 682
1024 683
1024 684
1024 685
1024 686
1024 687
1024 688
1024 689
1024 690
1024 691
1024 692
1024 693
1024 694
1024 695
1024 696
1024 697
1024 698
1024 699
1024 700
1024 701
1024 702
1024 703
1024 704
1024 705
1024 706
1024 707
1024 708
1024 709
1024 710
1024 711
1024 712
1024 713
1024 714
1024 715
1024 716
1024 717
1024 718
1024 719
1024 720
1024 721
1024 722
1024 723
1024 724
1024 725
1024 726
1024 727
1024 728
1024 729
1024 730
1024 731
1024 732
1024 733
1024 734
1024 735
1024 736
1024 737
1024 738
1024 739
1024 740
1024 741
1024 742
1024 743
1024 744
1024 745
1024 746
1024 747
1024 748
1024 749
1024 750
1024 751
1024 752
1024 753
1024 754
1024 755
1024 756
1024 757
1024 758
1024 759
1024 760
1024 761
1024 762
1024 763
1024 764
1024 765
1024 766
1024 767
1024 768
1024 769
1024 770
1024 771
1024 772
1024 773
1024 774
1024 775
1024 776
1024 777
1024 778
1024 779
1024 780
1024 781
1024 782
1024 783
1024 784
1024 785
1024 786
1024 787
1024 788
1024 789
1024 790
1024 791
1024 792
1024 793
1024 794
1024 795
1024 796
1024 797
1024 798
1024 799
1024 800
1024 801
1024 802
1024 803
1024 804
1024 805
1024 806
1024 807
1024 808
1024 809
1024 810
1024 811
1024 812
1024 813
1024 814
1024 815
1024 816
1024 817
1024 818
1024 819
1024 820
1024 821
1024 822
1024 823
1024 824
1024 825
1024 826
1024 827
1024 828
1024 829
1024 830
1024 831
1024 832
1024 833
1024 834
1024 835
1024 836
1024 837
1024 838
1024 839
1024 840
1024 841
1024 842
1024 843
1024 844
1024 845
1024 846
1024 847
1024 848
1024 849
1024 850
1024 851
1024 852
1024 853
1024 854
1024 855
1024 856
1024 857
1024 858
1024 859
1024 860
1024 861
1024 862
1024 863
1024 864
1024 865
1024 866
1024 867
1024 868
1024 869
1024 870
1024 871
1024 872
1024 873
1024 874
1024 875
1024 876
1024 877
1024 878
1024 879
1024 880
1024 881
1024 882
1024 883
1024 884
1024 885
1024 886
1024 887
1024 888
1024 889
1024 890
1024 891
1024 892
1024 893
1024 894
1024 895
1024 896
1024 897
1024 898
1024 899
1024 900
1024 901
1024 902
1024 903
1024 904
1024 905
1024 906
1024 907
1024 908
1024 909
1024 910
1024 911
1024 912
1024 913
1024 914
1024 915
1024 916
1024 917
1024 918
1024 919
1024 920
1024 921
1024 922
1024 923
1024 924
1024 925
1024 926
1024 927
1024 928
1024 929
1024 930
1024 931
1024 932
1024 933
1024 934
1024 935
1024 936
1024 937
1024 938
1024 939
1024 940
1024 941
1024 942
1024 943
1024 944
1024 945
1024 946
1024 947
1024 948
1024 949
1024 950
1024 951
1024 952
1024 953
1024 954
1024 955
1024 956
1024 957
1024 958
1024 959
1024 960
1024 961
1024 962
1024 963
1024 964
1024 965
1024 966
1024 967
1024 968
1024 969
1024 970
1024 971
1024 972
1024 973
1024 974
1024 975
1024 976
1024 977
1024 978
1024 979
1024 980
1024 981
1024 982
1024 983
1024 984
1024 985
1024 986
1024 987
1024 988
1024 989
1024 990
1024 991
1024 992
1024 993
1024 994
1024 995
1024 996
1024 997
1024 998
1024 999
1024 1000
1024 1001
1024 1002
1024 1003
1024 1004
1024 1005
1024 1006
1024 1007
1024 1008
1024 1009
1024 1010
1024 1011
1024 1012
1024 1013
1024 1014
1024 1015
1024 1016
1024 1017
1024 1018
1024 1019
1024 1020
1024 1021
1024 1022
1024 1023
1024 1024
2048 1025
2048 1026
2048 1027
2048 1028
2048 1029
2048 1030
2048 1031
2048 1032
2048 1033
2048 1034
2048 1035
2048 1036
2048 1037
2048 1038
2048 1039
2048 1040
2048 1041
2048 1042
2048 1043
2048 1044
2048 1045
2048 1046
2048 1047
2048 1048
2048 1049
2048 1050
2048 1051
2048 1052
2048 1053
2048 1054
2048 1055
2048 1056
2048 1057
2048 1058
2048 1059
2048 1060
2048 1061
2048 1062
2048 1063
2048 1064
2048 1065
2048 1066
2048 1067
2048 1068
2048 1069
2048 1070
2048 1071
2048 1072
2048 1073
2048 1074
2048 1075
2048 1076
2048 1077
2048 1078
2048 1079
2048 1080
2048 1081
2048 1082
2048 1083
2048 1084
2048 1085
2048 1086
2048 1087
2048 1088
2048 1089
2048 1090
2048 1091
2048 1092
2048 1093
2048 1094
2048 1095
2048 1096
2048 1097
2048 1098
2048 1099
2048 1100
2048 1101
2048 1102
2048 1103
2048 1104
2048 1105
2048 1106
2048 1107
2048 1108
2048 1109
2048 1110
2048 1111
2048 1112
2048 1113
2048 1114
2048 1115
2048 1116
2048 1117
2048 1118
2048 1119
2048 1120
2048 1121
2048 1122
2048 1123
2048 1124
2048 1125
2048 1126
2048 1127
2048 1128
2048 1129
2048 1130
2048 1131
2048 1132
2048 1133
2048 1134
2048 1135
2048 1136
2048 1137
2048 1138
2048 1139
2048 1140
2048 1141
2048 1142
2048 1143
2048 1144
2048 1145
2048 1146
2048 1147
2048 1148
2048 1149
2048 1150
2048 1151
2048 1152
2048 1153
2048 1154
2048 1155
2048 1156
2048 1157
2048 1158
2048 1159
2048 1160
2048 1161
2048 1162
2048 1163
2048 1164
2048 1165
2048 1166
2048 1167
2048 1168
2048 1169
2048 1170
2048 1171
2048 1172
2048 1173
2048 1174
2048 1175
2048 1176
2048 1177
2048 1178
2048 1179
2048 1180
2048 1181
2048 1182
2048 1183
2048 1184
2048 1185
2048 1186
2048 1187
2048 1188
2048 1189
2048 1190
2048 1191
2048 1192
2048 1193
2048 1194
2048 1195
2048 1196
2048 1197
2048 1198
2048 1199
2048 1200
2048 1201
2048 1202
2048 1203
2048 1204
2048 1205
2048 1206
2048 1207
2048 1208
2048 1209
2048 1210
2048 1211
2048 1212
2048 1213
2048 1214
2048 1215
2048 1216
2048 1217
2048 1218
2048 1219
2048 1220
2048 1221
2048 1222
2048 1223
2048 1224
2048 1225
2048 1226
2048 1227
2048 1228
2048 1229
2048 1230
2048 1231
2048 1232
2048 1233
2048 1234
2048 1235
2048 1236
2048 1237
2048 1238
2048 1239
2048 1240
2048 1241
2048 1242
2048 1243
2048 1244
2048 1245
2048 1246
2048 1247
2048 1248
2048 1249
2048 1250
2048 1251
2048 1252
2048 1253
2048 1254
2048 1255
2048 1256
2048 1257
2048 1258
2048 1259
2048 1260
2048 1261
2048 1262
2048 1263
2048 1264
2048 1265
2048 1266
2048 1267
2048 1268
2048 1269
2048 1270
2048 1271
2048 1272
2048 1273
2048 1274
2048 1275
2048 1276
2048 1277
2048 1278
2048 1279
2048 1280
2048 1281
2048 1282
2048 1283
2048 1284
2048 1285
2048 1286
2048 1287
2048 1288
2048 1289
2048 1290
2048 1291
2048 1292
2048 1293
2048 1294
2048 1295
2048 1296
2048 1297
2048 1298
2048 1299
2048 1300
2048 1301
2048 1302
2048 1303
2048 1304
2048 1305
2048 1306
2048 1307
2048 1308
2048 1309
2048 1310
2048 1311
2048 1312
2048 1313
2048 1314
2048 1315
2048 1316
2048 1317
2048 1318
2048 1319
2048 1320
2048 1321
2048 1322
2048 1323
2048 1324
2048 1325
2048 1326
2048 1327
2048 1328
2048 1329
2048 1330
2048 1331
2048 1332
2048 1333
2048 1334
2048 1335
2048 1336
2048 1337
2048 1338
2048 1339
2048 1340
2048 1341
2048 1342
2048 1343
2048 1344
2048 1345
2048 1346
2048 1347
2048 1348
2048 1349
2048 1350
2048 1351
2048 1352
2048 1353
2048 1354
2048 1355
2048 1356
2048 1357
2048 1358
2048 1359
2048 1360
2048 1361
2048 1362
2048 1363
2048 1364
2048 1365
2048 1366
2048 1367
2048 1368
2048 1369
2048 1370
2048 1371
2048 1372
2048 1373
2048 1374
2048 1375
2048 1376
2048 1377
2048 1378
2048 1379
2048 1380
2048 1381
2048 1382
2048 1383
2048 1384
2048 1385
2048 1386
2048 1387
2048 1388
2048 1389
2048 1390
2048 1391
2048 1392
2048 1393
2048 1394
2048 1395
2048 1396
2048 1397
2048 1398
2048 1399
2048 1400
2048 1401
2048 1402
2048 1403
2048 1404
2048 1405
2048 1406
2048 1407
2048 1408
2048 1409
2048 1410
2048 1411
2048 1412
2048 1413
2048 1414
2048 1415
2048 1416
2048 1417
2048 1418
2048 1419
2048 1420
2048 1421
2048 1422
2048 1423
2048 1424
2048 1425
2048 1426
2048 1427
2048 1428
2048 1429
2048 1430
2048 1431
2048 1432
2048 1433
2048 1434
2048 1435
2048 1436
2048 1437
2048 1438
2048 1439
2048 1440
2048 1441
2048 1442
2048 1443
2048 1444
2048 1445
2048 1446
2048 1447
2048 1448
2048 1449
2048 1450
2048 1451
2048 1452
2048 1453
2048 1454
2048 1455
2048 1456
2048 1457
2048 1458
2048 1459
2048 1460
2048 1461
2048 1462
2048 1463
2048 1464
2048 1465
2048 1466
2048 1467
2048 1468
2048 1469
2048 1470
2048 1471
2048 1472
2048 1473
2048 1474
2048 1475
2048 1476
2048 1477
2048 1478
2048 1479
2048 1480
2048 1481
2048 1482
2048 1483
2048 1484
2048 1485
2048 1486
2048 1487
2048 1488
2048 1489
2048 1490
2048 1491
2048 1492
2048 1493
2048 1494
2048 1495
2048 1496
2048 1497
2048 1498
2048 1499
2048 1500
2048 1501
2048 1502
2048 1503
2048 1504
2048 1505
2048 1506
2048 1507
2048 1508
2048 1509
2048 1510
2048 1511
2048 1512
2048 1513
2048 1514
2048 1515
2048 1516
2048 1517
2048 1518
2048 1519
2048 1520
2048 1521
2048 1522
2048 1523
2048 1524
2048 1525
2048 1526
2048 1527
2048 1528
2048 1529
2048 1530
2048 1531
2048 1532
2048 1533
2048 1534
2048 1535
2048 1536
2048 1537
2048 1538
2048 1539
2048 1540
2048 1541
2048 1542
2048 1543
2048 1544
2048 1545
2048 1546
2048 1547
2048 1548
2048 1549
2048 1550
2048 1551
2048 1552
2048 1553
2048 1554
2048 1555
2048 1556
2048 1557
2048 1558
2048 1559
2048 1560
2048 1561
2048 1562
2048 1563
2048 1564
2048 1565
2048 1566
2048 1567
2048 1568
2048 1569
2048 1570
2048 1571
2048 1572
2048 1573
2048 1574
2048 1575
2048 1576
2048 1577
2048 1578
2048 1579
2048 1580
2048 1581
2048 1582
2048 1583
2048 1584
2048 1585
2048 1586
2048 1587
2048 1588
2048 1589
2048 1590
2048 1591
2048 1592
2048 1593
2048 1594
2048 1595
2048 1596
2048 1597
2048 1598
2048 1599
2048 1600
2048 1601
2048 1602
2048 1603
2048 1604
2048 1605
2048 1606
2048 1607
2048 1608
2048 1609
2048 1610
2048 1611
2048 1612
2048 1613
2048 1614
2048 1615
2048 1616
2048 1617
2048 1618
2048 1619
2048 1620
2048 1621
2048 1622
2048 1623
2048 1624
2048 1625
2048 1626
2048 1627
2048 1628
2048 1629
2048 1630
2048 1631
2048 1632
2048 1633
2048 1634
2048 1635
2048 1636
2048 1637
2048 1638
2048 1639
2048 1640
2048 1641
2048 1642
2048 1643
2048 1644
2048 1645
2048 1646
2048 1647
2048 1648
2048 1649
2048 1650
2048 1651
2048 1652
2048 1653
2048 1654
2048 1655
2048 1656
2048 1657
2048 1658
2048 1659
2048 1660
2048 1661
2048 1662
2048 1663
2048 1664
2048 1665
2048 1666
2048 1667
2048 1668
2048 1669
2048 1670
2048 1671
2048 1672
2048 1673
2048 1674
2048 1675
2048 1676
2048 1677
2048 1678
2048 1679
2048 1680
2048 1681
2048 1682
2048 1683
2048 1684
2048 1685
2048 1686
2048 1687
2048 1688
2048 1689
2048 1690
2048 1691
2048 1692
2048 1693
2048 1694
2048 1695
2048 1696
2048 1697
2048 1698
2048 1699
2048 1700
2048 1701
2048 1702
2048 1703
2048 1704
2048 1705
2048 1706
2048 1707
2048 1708
2048 1709
2048 1710
2048 1711
2048 1712
2048 1713
2048 1714
2048 1715
2048 1716
2048 1717
2048 1718
2048 1719
2048 1720
2048 1721
2048 1722
2048 1723
2048 1724
2048 1725
2048 1726
2048 1727
2048 1728
2048 1729
2048 1730
2048 1731
2048 1732
2048 1733
2048 1734
2048 1735
2048 1736
2048 1737
2048 1738
2048 1739
2048 1740
2048 1741
2048 1742
2048 1743
2048 1744
2048 1745
2048 1746
2048 1747
2048 1748
2048 1749
2048 1750
2048 1751
2048 1752
2048 1753
2048 1754
2048 1755
2048 1756
2048 1757
2048 1758
2048 1759
2048 1760
2048 1761
2048 1762
2048 1763
2048 1764
2048 1765
2048 1766
2048 1767
2048 1768
2048 1769
2048 1770
2048 1771
2048 1772
2048 1773
2048 1774
2048 1775
2048 1776
2048 1777
2048 1778
2048 1779
2048 1780
2048 1781
2048 1782
2048 1783
2048 1784
2048 1785
2048 1786
2048 1787
2048 1788
2048 1789
2048 1790
2048 1791
2048 1792
2048 1793
2048 1794
2048 1795
2048 1796
2048 1797
2048 1798
2048 1799
2048 1800
2048 1801
2048 1802
2048 1803
2048 1804
2048 1805
2048 1806
2048 1807
2048 1808
2048 1809
2048 1810
2048 1811
2048 1812
2048 1813
2048 1814
2048 1815
2048 1816
2048 1817
2048 1818
2048 1819
2048 1820
2048 1821
2048 1822
2048 1823
2048 1824
2048 1825
2048 1826
2048 1827
2048 1828
2048 1829
2048 1830
2048 1831
2048 1832
2048 1833
2048 1834
2048 1835
2048 1836
2048 1837
2048 1838
2048 1839
2048 1840
2048 1841
2048 1842
2048 1843
2048 1844
2048 1845
2048 1846
2048 1847
2048 1848
2048 1849
2048 1850
2048 1851
2048 1852
2048 1853
2048 1854
2048 1855
2048 1856
2048 1857
2048 1858
2048 1859
2048 1860
2048 1861
2048 1862
2048 1863
2048 1864
2048 1865
2048 1866
2048 1867
2048 1868
2048 1869
2048 1870
2048 1871
2048 1872
2048 1873
2048 1874
2048 1875
2048 1876
2048 1877
2048 1878
2048 1879
2048 1880
2048 1881
2048 1882
2048 1883
2048 1884
2048 1885
2048 1886
2048 1887
2048 1888
2048 1889
2048 1890
2048 1891
2048 1892
2048 1893
2048 1894
2048 1895
2048 1896
2048 1897
2048 1898
2048 1899
2048 1900
2048 1901
2048 1902
2048 1903
2048 1904
2048 1905
2048 1906
2048 1907
2048 1908
2048 1909
2048 1910
2048 1911
2048 1912
2048 1913
2048 1914
2048 1915
2048 1916
2048 1917
2048 1918
2048 1919
2048 1920
2048 1921
2048 1922
2048 1923
2048 1924
2048 1925
2048 1926
2048 1927
2048 1928
2048 1929
2048 1930
2048 1931
2048 1932
2048 1933
2048 1934
2048 1935
2048 1936
2048 1937
2048 1938
2048 1939
2048 1940
2048 1941
2048 1942
2048 1943
2048 1944
2048 1945
2048 1946
2048 1947
2048 1948
2048 1949
2048 1950
2048 1951
2048 1952
2048 1953
2048 1954
2048 1955
2048 1956
2048 1957
2048 1958
2048 1959
2048 1960
2048 1961
2048 1962
2048 1963
2048 1964
2048 1965
2048 1966
2048 1967
2048 1968
2048 1969
2048 1970
2048 1971
2048 1972
2048 1973
2048 1974
2048 1975
2048 1976
2048 1977
2048 1978
2048 1979
2048 1980
2048 1981
2048 1982
2048 1983
2048 1984
2048 1985
2048 1986
2048 1987
2048 1988
2048 1989
2048 1990
2048 1991
2048 1992
2048 1993
2048 1994
2048 1995
2048 1996
2048 1997
2048 1998
2048 1999
2048 2000
2048 2001
2048 2002
2048 2003
2048 2004
2048 2005
2048 2006
2048 2007
2048 2008
2048 2009
2048 2010
2048 2011
2048 2012
2048 2013
2048 2014
2048 2015
2048 2016
2048 2017
2048 2018
2048 2019
2048 2020
2048 2021
2048 2022
2048 2023
2048 2024
2048 2025
2048 2026
2048 2027
2048 2028
2048 2029
2048 2030
2048 2031
2048 2032
2048 2033
2048 2034
2048 2035
2048 2036
2048 2037
2048 2038
2048 2039
2048 2040
2048 2041
2048 2042
2048 2043
2048 2044
2048 2045
2048 2046
2048 2047
2048 2048
4096 2049
4096 2050
4096 2051
4096 2052
4096 2053
4096 2054
4096 2055
4096 2056
4096 2057
4096 2058
4096 2059
4096 2060
4096 2061
4096 2062
4096 2063
4096 2064
4096 2065
4096 2066
4096 2067
4096 2068
4096 2069
4096 2070
4096 2071
4096 2072
4096 2073
4096 2074
4096 2075
4096 2076
4096 2077
4096 2078
4096 2079
4096 2080
4096 2081
4096 2082
4096 2083
4096 2084
4096 2085
4096 2086
4096 2087
4096 2088
4096 2089
4096 2090
4096 2091
4096 2092
4096 2093
4096 2094
4096 2095
4096 2096
4096 2097
4096 2098
4096 2099
4096 2100
4096 2101
4096 2102
4096 2103
4096 2104
4096 2105
4096 2106
4096 2107
4096 2108
4096 2109
4096 2110
4096 2111
4096 2112
4096 2113
4096 2114
4096 2115
4096 2116
4096 2117
4096 2118
4096 2119
4096 2120
4096 2121
4096 2122
4096 2123
4096 2124
4096 2125
4096 2126
4096 2127
4096 2128
4096 2129
4096 2130
4096 2131
4096 2132
4096 2133
4096 2134
4096 2135
4096 2136
4096 2137
4096 2138
4096 2139
4096 2140
4096 2141
4096 2142
4096 2143
4096 2144
4096 2145
4096 2146
4096 2147
4096 2148
4096 2149
4096 2150
4096 2151
4096 2152
4096 2153
4096 2154
4096 2155
4096 2156
4096 2157
4096 2158
4096 2159
4096 2160
4096 2161
4096 2162
4096 2163
4096 2164
4096 2165
4096 2166
4096 2167
4096 2168
4096 2169
4096 2170
4096 2171
4096 2172
4096 2173
4096 2174
4096 2175
4096 2176
4096 2177
4096 2178
4096 2179
4096 2180
4096 2181
4096 2182
4096 2183
4096 2184
4096 2185
4096 2186
4096 2187
4096 2188
4096 2189
4096 2190
4096 2191
4096 2192
4096 2193
4096 2194
4096 2195
4096 2196
4096 2197
4096 2198
4096 2199
4096 2200
4096 2201
4096 2202
4096 2203
4096 2204
4096 2205
4096 2206
4096 2207
4096 2208
4096 2209
4096 2210
4096 2211
4096 2212
4096 2213
4096 2214
4096 2215
4096 2216
4096 2217
4096 2218
4096 2219
4096 2220
4096 2221
4096 2222
4096 2223
4096 2224
4096 2225
4096 2226
4096 2227
4096 2228
4096 2229
4096 2230
4096 2231
4096 2232
4096 2233
4096 2234
4096 2235
4096 2236
4096 2237
4096 2238
4096 2239
4096 2240
4096 2241
4096 2242
4096 2243
4096 2244
4096 2245
4096 2246
4096 2247
4096 2248
4096 2249
4096 2250
4096 2251
4096 2252
4096 2253
4096 2254
4096 2255
4096 2256
4096 2257
4096 2258
4096 2259
4096 2260
4096 2261
4096 2262
4096 2263
4096 2264
4096 2265
4096 2266
4096 2267
4096 2268
4096 2269
4096 2270
4096 2271
4096 2272
4096 2273
4096 2274
4096 2275
4096 2276
4096 2277
4096 2278
4096 2279
4096 2280
4096 2281
4096 2282
4096 2283
4096 2284
4096 2285
4096 2286
4096 2287
4096 2288
4096 2289
4096 2290
4096 2291
4096 2292
4096 2293
4096 2294
4096 2295
4096 2296
4096 2297
4096 2298
4096 2299
4096 2300
4096 2301
4096 2302
4096 2303
4096 2304
4096 2305
4096 2306
4096 2307
4096 2308
4096 2309
4096 2310
4096 2311
4096 2312
4096 2313
4096 2314
4096 2315
4096 2316
4096 2317
4096 2318
4096 2319
4096 2320
4096 2321
4096 2322
4096 2323
4096 2324
4096 2325
4096 2326
4096 2327
4096 2328
4096 2329
4096 2330
4096 2331
4096 2332
4096 2333
4096 2334
4096 2335
4096 2336
4096 2337
4096 2338
4096 2339
4096 2340
4096 2341
4096 2342
4096 2343
4096 2344
4096 2345
4096 2346
4096 2347
4096 2348
4096 2349
4096 2350
4096 2351
4096 2352
4096 2353
4096 2354
4096 2355
4096 2356
4096 2357
4096 2358
4096 2359
4096 2360
4096 2361
4096 2362
4096 2363
4096 2364
4096 2365
4096 2366
4096 2367
4096 2368
4096 2369
4096 2370
4096 2371
4096 2372
4096 2373
4096 2374
4096 2375
4096 2376
4096 2377
4096 2378
4096 2379
4096 2380
4096 2381
4096 2382
4096 2383
4096 2384
4096 2385
4096 2386
4096 2387
4096 2388
4096 2389
4096 2390
4096 2391
4096 2392
4096 2393
4096 2394
4096 2395
4096 2396
4096 2397
4096 2398
4096 2399
4096 2400
4096 2401
4096 2402
4096 2403
4096 2404
4096 2405
4096 2406
4096 2407
4096 2408
4096 2409
4096 2410
4096 2411
4096 2412
4096 2413
4096 2414
4096 2415
4096 2416
4096 2417
4096 2418
4096 2419
4096 2420
4096 2421
4096 2422
4096 2423
4096 2424
4096 2425
4096 2426
4096 2427
4096 2428
4096 2429
4096 2430
4096 2431
4096 2432
4096 2433
4096 2434
4096 2435
4096 2436
4096 2437
4096 2438
4096 2439
4096 2440
4096 2441
4096 2442
4096 2443
4096 2444
4096 2445
4096 2446
4096 2447
4096 2448
4096 2449
4096 2450
4096 2451
4096 2452
4096 2453
4096 2454
4096 2455
4096 2456
4096 2457
4096 2458
4096 2459
4096 2460
4096 2461
4096 2462
4096 2463
4096 2464
4096 2465
4096 2466
4096 2467
4096 2468
4096 2469
4096 2470
4096 2471
4096 2472
4096 2473
4096 2474
4096 2475
4096 2476
4096 2477
4096 2478
4096 2479
4096 2480
4096 2481
4096 2482
4096 2483
4096 2484
4096 2485
4096 2486
4096 2487
4096 2488
4096 2489
4096 2490
4096 2491
4096 2492
4096 2493
4096 2494
4096 2495
4096 2496
4096 2497
4096 2498
4096 2499
4096 2500
4096 2501
4096 2502
4096 2503
4096 2504
4096 2505
4096 2506
4096 2507
4096 2508
4096 2509
4096 2510
4096 2511
4096 2512
4096 2513
4096 2514
4096 2515
4096 2516
4096 2517
4096 2518
4096 2519
4096 2520
4096 2521
4096 2522
4096 2523
4096 2524
4096 2525
4096 2526
4096 2527
4096 2528
4096 2529
4096 2530
4096 2531
4096 2532
4096 2533
4096 2534
4096 2535
4096 2536
4096 2537
4096 2538
4096 2539
4096 2540
4096 2541
4096 2542
4096 2543
4096 2544
4096 2545
4096 2546
4096 2547
4096 2548
4096 2549
4096 2550
4096 2551
4096 2552
4096 2553
4096 2554
4096 2555
4096 2556
4096 2557
4096 2558
4096 2559
4096 2560
4096 2561
4096 2562
4096 2563
4096 2564
4096 2565
4096 2566
4096 2567
4096 2568
4096 2569
4096 2570
4096 2571
4096 2572
4096 2573
4096 2574
4096 2575
4096 2576
4096 2577
4096 2578
4096 2579
4096 2580
4096 2581
4096 2582
4096 2583
4096 2584
4096 2585
4096 2586
4096 2587
4096 2588
4096 2589
4096 2590
4096 2591
4096 2592
4096 2593
4096 2594
4096 2595
4096 2596
4096 2597
4096 2598
4096 2599
4096 2600
4096 2601
4096 2602
4096 2603
4096 2604
4096 2605
4096 2606
4096 2607
4096 2608
4096 2609
4096 2610
4096 2611
4096 2612
4096 2613
4096 2614
4096 2615
4096 2616
4096 2617
4096 2618
4096 2619
4096 2620
4096 2621
4096 2622
4096 2623
4096 2624
4096 2625
4096 2626
4096 2627
4096 2628
4096 2629
4096 2630
4096 2631
4096 2632
4096 2633
4096 2634
4096 2635
4096 2636
4096 2637
4096 2638
4096 2639
4096 2640
4096 2641
4096 2642
4096 2643
4096 2644
4096 2645
4096 2646
4096 2647
4096 2648
4096 2649
4096 2650
4096 2651
4096 2652
4096 2653
4096 2654
4096 2655
4096 2656
4096 2657
4096 2658
4096 2659
4096 2660
4096 2661
4096 2662
4096 2663
4096 2664
4096 2665
4096 2666
4096 2667
4096 2668
4096 2669
4096 2670
4096 2671
4096 2672
4096 2673
4096 2674
4096 2675
4096 2676
4096 2677
4096 2678
4096 2679
4096 2680
4096 2681
4096 2682
4096 2683
4096 2684
4096 2685
4096 2686
4096 2687
4096 2688
4096 2689
4096 2690
4096 2691
4096 2692
4096 2693
4096 2694
4096 2695
4096 2696
4096 2697
4096 2698
4096 2699
4096 2700
4096 2701
4096 2702
4096 2703
4096 2704
4096 2705
4096 2706
4096 2707
4096 2708
4096 2709
4096 2710
4096 2711
4096 2712
4096 2713
4096 2714
4096 2715
4096 2716
4096 2717
4096 2718
4096 2719
4096 2720
4096 2721
4096 2722
4096 2723
4096 2724
4096 2725
4096 2726
4096 2727
4096 2728
4096 2729
4096 2730
4096 2731
4096 2732
4096 2733
4096 2734
4096 2735
4096 2736
4096 2737
4096 2738
4096 2739
4096 2740
4096 2741
4096 2742
4096 2743
4096 2744
4096 2745
4096 2746
4096 2747
4096 2748
4096 2749
4096 2750
4096 2751
4096 2752
4096 2753
4096 2754
4096 2755
4096 2756
4096 2757
4096 2758
4096 2759
4096 2760
4096 2761
4096 2762
4096 2763
4096 2764
4096 2765
4096 2766
4096 2767
4096 2768
4096 2769
4096 2770
4096 2771
4096 2772
4096 2773
4096 2774
4096 2775
4096 2776
4096 2777
4096 2778
4096 2779
4096 2780
4096 2781
4096 2782
4096 2783
4096 2784
4096 2785
4096 2786
4096 2787
4096 2788
4096 2789
4096 2790
4096 2791
4096 2792
4096 2793
4096 2794
4096 2795
4096 2796
4096 2797
4096 2798
4096 2799
4096 2800
4096 2801
4096 2802
4096 2803
4096 2804
4096 2805
4096 2806
4096 2807
4096 2808
4096 2809
4096 2810
4096 2811
4096 2812
4096 2813
4096 2814
4096 2815
4096 2816
4096 2817
4096 2818
4096 2819
4096 2820
4096 2821
4096 2822
4096 2823
4096 2824
4096 2825
4096 2826
4096 2827
4096 2828
4096 2829
4096 2830
4096 2831
4096 2832
4096 2833
4096 2834
4096 2835
4096 2836
4096 2837
4096 2838
4096 2839
4096 2840
4096 2841
4096 2842
4096 2843
4096 2844
4096 2845
4096 2846
4096 2847
4096 2848
4096 2849
4096 2850
4096 2851
4096 2852
4096 2853
4096 2854
4096 2855
4096 2856
4096 2857
4096 2858
4096 2859
4096 2860
4096 2861
4096 2862
4096 2863
4096 2864
4096 2865
4096 2866
4096 2867
4096 2868
4096 2869
4096 2870
4096 2871
4096 2872
4096 2873
4096 2874
4096 2875
4096 2876
4096 2877
4096 2878
4096 2879
4096 2880
4096 2881
4096 2882
4096 2883
4096 2884
4096 2885
4096 2886
4096 2887
4096 2888
4096 2889
4096 2890
4096 2891
4096 2892
4096 2893
4096 2894
4096 2895
4096 2896
4096 2897
4096 2898
4096 2899
4096 2900
4096 2901
4096 2902
4096 2903
4096 2904
4096 2905
4096 2906
4096 2907
4096 2908
4096 2909
4096 2910
4096 2911
4096 2912
4096 2913
4096 2914
4096 2915
4096 2916
4096 2917
4096 2918
4096 2919
4096 2920
4096 2921
4096 2922
4096 2923
4096 2924
4096 2925
4096 2926
4096 2927
4096 2928
4096 2929
4096 2930
4096 2931
4096 2932
4096 2933
4096 2934
4096 2935
4096 2936
4096 2937
4096 2938
4096 2939
4096 2940
4096 2941
4096 2942
4096 2943
4096 2944
4096 2945
4096 2946
4096 2947
4096 2948
4096 2949
4096 2950
4096 2951
4096 2952
4096 2953
4096 2954
4096 2955
4096 2956
4096 2957
4096 2958
4096 2959
4096 2960
4096 2961
4096 2962
4096 2963
4096 2964
4096 2965
4096 2966
4096 2967
4096 2968
4096 2969
4096 2970
4096 2971
4096 2972
4096 2973
4096 2974
4096 2975
4096 2976
4096 2977
4096 2978
4096 2979
4096 2980
4096 2981
4096 2982
4096 2983
4096 2984
4096 2985
4096 2986
4096 2987
4096 2988
4096 2989
4096 2990
4096 2991
4096 2992
4096 2993
4096 2994
4096 2995
4096 2996
4096 2997
4096 2998
4096 2999
4096 3000
4096 3001
4096 3002
4096 3003
4096 3004
4096 3005
4096 3006
4096 3007
4096 3008
4096 3009
4096 3010
4096 3011
4096 3012
4096 3013
4096 3014
4096 3015
4096 3016
4096 3017
4096 3018
4096 3019
4096 3020
4096 3021
4096 3022
4096 3023
4096 3024
4096 3025
4096 3026
4096 3027
4096 3028
4096 3029
4096 3030
4096 3031
4096 3032
4096 3033
4096 3034
4096 3035
4096 3036
4096 3037
4096 3038
4096 3039
4096 3040
4096 3041
4096 3042
4096 3043
4096 3044
4096 3045
4096 3046
4096 3047
4096 3048
4096 3049
4096 3050
4096 3051
4096 3052
4096 3053
4096 3054
4096 3055
4096 3056
4096 3057
4096 3058
4096 3059
4096 3060
4096 3061
4096 3062
4096 3063
4096 3064
4096 3065
4096 3066
4096 3067
4096 3068
4096 3069
4096 3070
4096 3071
4096 3072
4096 3073
4096 3074
4096 3075
4096 3076
4096 3077
4096 3078
4096 3079
4096 3080
4096 3081
4096 3082
4096 3083
4096 3084
4096 3085
4096 3086
4096 3087
4096 3088
4096 3089
4096 3090
4096 3091
4096 3092
4096 3093
4096 3094
4096 3095
4096 3096
4096 3097
4096 3098
4096 3099
4096 3100
4096 3101
4096 3102
4096 3103
4096 3104
4096 3105
4096 3106
4096 3107
4096 3108
4096 3109
4096 3110
4096 3111
4096 3112
4096 3113
4096 3114
4096 3115
4096 3116
4096 3117
4096 3118
4096 3119
4096 3120
4096 3121
4096 3122
4096 3123
4096 3124
4096 3125
4096 3126
4096 3127
4096 3128
4096 3129
4096 3130
4096 3131
4096 3132
4096 3133
4096 3134
4096 3135
4096 3136
4096 3137
4096 3138
4096 3139
4096 3140
4096 3141
4096 3142
4096 3143
4096 3144
4096 3145
4096 3146
4096 3147
4096 3148
4096 3149
4096 3150
4096 3151
4096 3152
4096 3153
4096 3154
4096 3155
4096 3156
4096 3157
4096 3158
4096 3159
4096 3160
4096 3161
4096 3162
4096 3163
4096 3164
4096 3165
4096 3166
4096 3167
4096 3168
4096 3169
4096 3170
4096 3171
4096 3172
4096 3173
4096 3174
4096 3175
4096 3176
4096 3177
4096 3178
4096 3179
4096 3180
4096 3181
4096 3182
4096 3183
4096 3184
4096 3185
4096 3186
4096 3187
4096 3188
4096 3189
4096 3190
4096 3191
4096 3192
4096 3193
4096 3194
4096 3195
4096 3196
4096 3197
4096 3198
4096 3199
4096 3200
4096 3201
4096 3202
4096 3203
4096 3204
4096 3205
4096 3206
4096 3207
4096 3208
4096 3209
4096 3210
4096 3211
4096 3212
4096 3213
4096 3214
4096 3215
4096 3216
4096 3217
4096 3218
4096 3219
4096 3220
4096 3221
4096 3222
4096 3223
4096 3224
4096 3225
4096 3226
4096 3227
4096 3228
4096 3229
4096 3230
4096 3231
4096 3232
4096 3233
4096 3234
4096 3235
4096 3236
4096 3237
4096 3238
4096 3239
4096 3240
4096 3241
4096 3242
4096 3243
4096 3244
4096 3245
4096 3246
4096 3247
4096 3248
4096 3249
4096 3250
4096 3251
4096 3252
4096 3253
4096 3254
4096 3255
4096 3256
4096 3257
4096 3258
4096 3259
4096 3260
4096 3261
4096 3262
4096 3263
4096 3264
4096 3265
4096 3266
4096 3267
4096 3268
4096 3269
4096 3270
4096 3271
4096 3272
4096 3273
4096 3274
4096 3275
4096 3276
4096 3277
4096 3278
4096 3279
4096 3280
4096 3281
4096 3282
4096 3283
4096 3284
4096 3285
4096 3286
4096 3287
4096 3288
4096 3289
4096 3290
4096 3291
4096 3292
4096 3293
4096 3294
4096 3295
4096 3296
4096 3297
4096 3298
4096 3299
4096 3300
4096 3301
4096 3302
4096 3303
4096 3304
4096 3305
4096 3306
4096 3307
4096 3308
4096 3309
4096 3310
4096 3311
4096 3312
4096 3313
4096 3314
4096 3315
4096 3316
4096 3317
4096 3318
4096 3319
4096 3320
4096 3321
4096 3322
4096 3323
4096 3324
4096 3325
4096 3326
4096 3327
4096 3328
4096 3329
4096 3330
4096 3331
4096 3332
4096 3333
4096 3334
4096 3335
4096 3336
4096 3337
4096 3338
4096 3339
4096 3340
4096 3341
4096 3342
4096 3343
4096 3344
4096 3345
4096 3346
4096 3347
4096 3348
4096 3349
4096 3350
4096 3351
4096 3352
4096 3353
4096 3354
4096 3355
4096 3356
4096 3357
4096 3358
4096 3359
4096 3360
4096 3361
4096 3362
4096 3363
4096 3364
4096 3365
4096 3366
4096 3367
4096 3368
4096 3369
4096 3370
4096 3371
4096 3372
4096 3373
4096 3374
4096 3375
4096 3376
4096 3377
4096 3378
4096 3379
4096 3380
4096 3381
4096 3382
4096 3383
4096 3384
4096 3385
4096 3386
4096 3387
4096 3388
4096 3389
4096 3390
4096 3391
4096 3392
4096 3393
4096 3394
4096 3395
4096 3396
4096 3397
4096 3398
4096 3399
4096 3400
4096 3401
4096 3402
4096 3403
4096 3404
4096 3405
4096 3406
4096 3407
4096 3408
4096 3409
4096 3410
4096 3411
4096 3412
4096 3413
4096 3414
4096 3415
4096 3416
4096 3417
4096 3418
4096 3419
4096 3420
4096 3421
4096 3422
4096 3423
4096 3424
4096 3425
4096 3426
4096 3427
4096 3428
4096 3429
4096 3430
4096 3431
4096 3432
4096 3433
4096 3434
4096 3435
4096 3436
4096 3437
4096 3438
4096 3439
4096 3440
4096 3441
4096 3442
4096 3443
4096 3444
4096 3445
4096 3446
4096 3447
4096 3448
4096 3449
4096 3450
4096 3451
4096 3452
4096 3453
4096 3454
4096 3455
4096 3456
4096 3457
4096 3458
4096 3459
4096 3460
4096 3461
4096 3462
4096 3463
4096 3464
4096 3465
4096 3466
4096 3467
4096 3468
4096 3469
4096 3470
4096 3471
4096 3472
4096 3473
4096 3474
4096 3475
4096 3476
4096 3477
4096 3478
4096 3479
4096 3480
4096 3481
4096 3482
4096 3483
4096 3484
4096 3485
4096 3486
4096 3487
4096 3488
4096 3489
4096 3490
4096 3491
4096 3492
4096 3493
4096 3494
4096 3495
4096 3496
4096 3497
4096 3498
4096 3499
4096 3500
4096 3501
4096 3502
4096 3503
4096 3504
4096 3505
4096 3506
4096 3507
4096 3508
4096 3509
4096 3510
4096 3511
4096 3512
4096 3513
4096 3514
4096 3515
4096 3516
4096 3517
4096 3518
4096 3519
4096 3520
4096 3521
4096 3522
4096 3523
4096 3524
4096 3525
4096 3526
4096 3527
4096 3528
4096 3529
4096 3530
4096 3531
4096 3532
4096 3533
4096 3534
4096 3535
4096 3536
4096 3537
4096 3538
4096 3539
4096 3540
4096 3541
4096 3542
4096 3543
4096 3544
4096 3545
4096 3546
4096 3547
4096 3548
4096 3549
4096 3550
4096 3551
4096 3552
4096 3553
4096 3554
4096 3555
4096 3556
4096 3557
4096 3558
4096 3559
4096 3560
4096 3561
4096 3562
4096 3563
4096 3564
4096 3565
4096 3566
4096 3567
4096 3568
4096 3569
4096 3570
4096 3571
4096 3572
4096 3573
4096 3574
4096 3575
4096 3576
4096 3577
4096 3578
4096 3579
4096 3580
4096 3581
4096 3582
4096 3583
4096 3584
4096 3585
4096 3586
4096 3587
4096 3588
4096 3589
4096 3590
4096 3591
4096 3592
4096 3593
4096 3594
4096 3595
4096 3596
4096 3597
4096 3598
4096 3599
4096 3600
4096 3601
4096 3602
4096 3603
4096 3604
4096 3605
4096 3606
4096 3607
4096 3608
4096 3609
4096 3610
4096 3611
4096 3612
4096 3613
4096 3614
4096 3615
4096 3616
4096 3617
4096 3618
4096 3619
4096 3620
4096 3621
4096 3622
4096 3623
4096 3624
4096 3625
4096 3626
4096 3627
4096 3628
4096 3629
4096 3630
4096 3631
4096 3632
4096 3633
4096 3634
4096 3635
4096 3636
4096 3637
4096 3638
4096 3639
4096 3640
4096 3641
4096 3642
4096 3643
4096 3644
4096 3645
4096 3646
4096 3647
4096 3648
4096 3649
4096 3650
4096 3651
4096 3652
4096 3653
4096 3654
4096 3655
4096 3656
4096 3657
4096 3658
4096 3659
4096 3660
4096 3661
4096 3662
4096 3663
4096 3664
4096 3665
4096 3666
4096 3667
4096 3668
4096 3669
4096 3670
4096 3671
4096 3672
4096 3673
4096 3674
4096 3675
4096 3676
4096 3677
4096 3678
4096 3679
4096 3680
4096 3681
4096 3682
4096 3683
4096 3684
4096 3685
4096 3686
4096 3687
4096 3688
4096 3689
4096 3690
4096 3691
4096 3692
4096 3693
4096 3694
4096 3695
4096 3696
4096 3697
4096 3698
4096 3699
4096 3700
4096 3701
4096 3702
4096 3703
4096 3704
4096 3705
4096 3706
4096 3707
4096 3708
4096 3709
4096 3710
4096 3711
4096 3712
4096 3713
4096 3714
4096 3715
4096 3716
4096 3717
4096 3718
4096 3719
4096 3720
4096 3721
4096 3722
4096 3723
4096 3724
4096 3725
4096 3726
4096 3727
4096 3728
4096 3729
4096 3730
4096 3731
4096 3732
4096 3733
4096 3734
4096 3735
4096 3736
4096 3737
4096 3738
4096 3739
4096 3740
4096 3741
4096 3742
4096 3743
4096 3744
4096 3745
4096 3746
4096 3747
4096 3748
4096 3749
4096 3750
4096 3751
4096 3752
4096 3753
4096 3754
4096 3755
4096 3756
4096 3757
4096 3758
4096 3759
4096 3760
4096 3761
4096 3762
4096 3763
4096 3764
4096 3765
4096 3766
4096 3767
4096 3768
4096 3769
4096 3770
4096 3771
4096 3772
4096 3773
4096 3774
4096 3775
4096 3776
4096 3777
4096 3778
4096 3779
4096 3780
4096 3781
4096 3782
4096 3783
4096 3784
4096 3785
4096 3786
4096 3787
4096 3788
4096 3789
4096 3790
4096 3791
4096 3792
4096 3793
4096 3794
4096 3795
4096 3796
4096 3797
4096 3798
4096 3799
4096 3800
4096 3801
4096 3802
4096 3803
4096 3804
4096 3805
4096 3806
4096 3807
4096 3808
4096 3809
4096 3810
4096 3811
4096 3812
4096 3813
4096 3814
4096 3815
4096 3816
4096 3817
4096 3818
4096 3819
4096 3820
4096 3821
4096 3822
4096 3823
4096 3824
4096 3825
4096 3826
4096 3827
4096 3828
4096 3829
4096 3830
4096 3831
4096 3832
4096 3833
4096 3834
4096 3835
4096 3836
4096 3837
4096 3838
4096 3839
4096 3840
4096 3841
4096 3842
4096 3843
4096 3844
4096 3845
4096 3846
4096 3847
4096 3848
4096 3849
4096 3850
4096 3851
4096 3852
4096 3853
4096 3854
4096 3855
4096 3856
4096 3857
4096 3858
4096 3859
4096 3860
4096 3861
4096 3862
4096 3863
4096 3864
4096 3865
4096 3866
4096 3867
4096 3868
4096 3869
4096 3870
4096 3871
4096 3872
4096 3873
4096 3874
4096 3875
4096 3876
4096 3877
4096 3878
4096 3879
4096 3880
4096 3881
4096 3882
4096 3883
4096 3884
4096 3885
4096 3886
4096 3887
4096 3888
4096 3889
4096 3890
4096 3891
4096 3892
4096 3893
4096 3894
4096 3895
4096 3896
4096 3897
4096 3898
4096 3899
4096 3900
4096 3901
4096 3902
4096 3903
4096 3904
4096 3905
4096 3906
4096 3907
4096 3908
4096 3909
4096 3910
4096 3911
4096 3912
4096 3913
4096 3914
4096 3915
4096 3916
4096 3917
4096 3918
4096 3919
4096 3920
4096 3921
4096 3922
4096 3923
4096 3924
4096 3925
4096 3926
4096 3927
4096 3928
4096 3929
4096 3930
4096 3931
4096 3932
4096 3933
4096 3934
4096 3935
4096 3936
4096 3937
4096 3938
4096 3939
4096 3940
4096 3941
4096 3942
4096 3943
4096 3944
4096 3945
4096 3946
4096 3947
4096 3948
4096 3949
4096 3950
4096 3951
4096 3952
4096 3953
4096 3954
4096 3955
4096 3956
4096 3957
4096 3958
4096 3959
4096 3960
4096 3961
4096 3962
4096 3963
4096 3964
4096 3965
4096 3966
4096 3967
4096 3968
4096 3969
4096 3970
4096 3971
4096 3972
4096 3973
4096 3974
4096 3975
4096 3976
4096 3977
4096 3978
4096 3979
4096 3980
4096 3981
4096 3982
4096 3983
4096 3984
4096 3985
4096 3986
4096 3987
4096 3988
4096 3989
4096 3990
4096 3991
4096 3992
4096 3993
4096 3994
4096 3995
4096 3996
4096 3997
4096 3998
4096 3999
4096 4000
4096 4001
4096 4002
4096 4003
4096 4004
4096 4005
4096 4006
4096 4007
4096 4008
4096 4009
4096 4010
4096 4011
4096 4012
4096 4013
4096 4014
4096 4015
4096 4016
4096 4017
4096 4018
4096 4019
4096 4020
4096 4021
4096 4022
4096 4023
4096 4024
4096 4025
4096 4026
4096 4027
4096 4028
4096 4029
4096 4030
4096 4031
4096 4032
4096 4033
4096 4034
4096 4035
4096 4036
4096 4037
4096 4038
4096 4039
4096 4040
4096 4041
4096 4042
4096 4043
4096 4044
4096 4045
4096 4046
4096 4047
4096 4048
4096 4049
4096 4050
4096 4051
4096 4052
4096 4053
4096 4054
4096 4055
4096 4056
4096 4057
4096 4058
4096 4059
4096 4060
4096 4061
4096 4062
4096 4063
4096 4064
4096 4065
4096 4066
4096 4067
4096 4068
4096 4069
4096 4070
4096 4071
4096 4072
4096 4073
4096 4074
4096 4075
4096 4076
4096 4077
4096 4078
4096 4079
4096 4080
4096 4081
4096 4082
4096 4083
4096 4084
4096 4085
4096 4086
4096 4087
4096 4088
4096 4089
4096 4090
4096 4091
4096 4092
4096 4093
4096 4094
4096 4095
