1507 4942
1572 8443
1621 11980
1673 15485
1700 18956
1724 22472
1765 25952
1774 27829
1497 21165
1485 22161
1539 24601
1547 26758
1566 28362
1713 30499
1757 32731
1794 34847
1820 36881
1857 38716
1885 41038
1901 43021
1925 45208
1965 47339
1973 49402
2007 51420
2020 53580
2076 55375
2085 57774
2107 59705
2134 61737
2179 63990
2182 65988
2247 68156
2251 70010
2322 72277
2308 74525
2384 76839
2381 79427
2446 81072
2434 83571
2504 85639
2500 88081
2570 90347
2586 92131
2665 94633
2634 97061
2706 99111
2685 101834
2767 104182
2736 105818
2833 108511
2787 110634
2908 112157
2901 114987
2986 116911
2958 119516
3044 121563
3265 124562
3410 127108
3141 128201
3253 130522
3188 132560
3339 134736
3287 137068
3797 142359
3645 141247
3878 145308
3797 146959
3503 147600
3564 150008
3576 152220
3671 154676
3645 156550
3788 158454
3730 160991
3901 163314
3803 164982
4012 166739
4024 169576
4141 171814
3981 173643
4091 175381
3986 177054
4161 179397
4146 182244
4296 183990
4250 186255
4534 187904
4501 191749
4618 193510
4622 195156
4628 196819
4377 198792
4591 200898
4543 202015
4607 205088
4517 206957
4763 209143
4519 210349
4881 213153
4712 215111
