1607 5029
1517 8354
1500 11930
1529 15086
1555 18502
1603 21614
1675 25503
1802 27439
1501 20095
1441 21710
1584 23885
1661 25972
1704 27913
1724 30091
1741 31773
1773 34154
1814 35771
1839 38238
1856 40168
1881 42218
1917 44098
1934 46378
1971 48341
2003 49747
2037 52095
2055 54087
2089 55995
2105 58198
2144 59940
2166 62468
2203 64023
2216 66977
2294 69295
2317 72088
2295 72879
2335 74862
2363 77515
2394 79239
2425 81548
2447 83734
2489 86209
2511 88382
2571 90184
2580 92937
2602 94907
2653 96190
2675 99078
2728 101255
2776 104007
2797 106826
2821 108980
2895 112745
2916 113205
2957 115878
3029 118893
3107 120638
3107 127304
3118 124253
3207 125569
3223 129948
3216 130468
3285 131903
3343 135820
3374 137283
3379 141473
3390 141162
3433 143025
3477 145428
3516 147295
3642 150212
3702 152721
3759 154081
3841 156970
3812 158224
3893 160722
3859 162809
3932 164017
3993 167138
4065 168827
4018 170340
4022 172822
4125 175193
4174 176611
4153 177894
4191 180335
4201 182501
4289 184825
4186 186495
4162 187829
4606 191343
4531 193470
4467 195420
4579 197337
4651 199070
4794 201774
4723 203269
4742 203934
4730 206952
4803 209923
4941 211011
