1252 1254
1197 1197
1193 1195
1167 1165
1173 1174
1165 1165
1178 1176
1191 1187
1165 1164
1169 1167
1165 1162
1167 1161
1166 1160
1159 1158
1166 1165
1174 1172
1201 1202
1109 1108
1094 1093
1096 1092
1098 1090
1095 1093
1093 1096
1094 1092
1093 1094
1093 1092
1098 1085
1109 1106
1098 1097
1094 1094
1099 1081
1088 1088
1125 1117
1083 1079
1101 1098
1115 1111
1101 1098
1119 1111
1092 1092
1089 1091
1111 1110
1108 1108
1110 1101
1086 1086
1093 1096
1101 1099
1097 1097
1071 1074
1084 1080
1110 1108
1114 1113
1107 1105
1117 1116
1112 1115
1097 1101
1126 1131
1137 1135
1107 1110
1136 1130
1072 1069
1109 1104
1123 1119
1128 1128
1084 1084
1043 1042
1078 1080
1107 1103
1094 1090
1102 1100
1089 1086
1108 1107
1105 1102
1101 1099
1090 1091
1095 1094
1098 1089
1103 1098
1070 1067
1100 1096
1093 1089
1091 1092
1094 1093
1094 1092
1093 1098
1092 1094
1112 1110
1103 1102
1091 1094
1097 1096
1096 1090
1096 1090
1108 1097
1060 1061
1091 1089
1124 1118
1123 1127
1129 1130
1110 1112
1044 1043
1029 1027
