3771 1886
1466 1886
1467 978
1467 1885
1397 1886
1886 1466
2445 1467
1397 1886
1397 1397
2374 1467
1397 1955
1467 977
2375 1396
2375 2864
1886 1955
1955 1397
2374 908
2793 1397
1467 1397
1886 1396
2305 1397
1886 1886
1956 1885
2375 1466
2375 1886
1955 1886
1886 3282
2445 1886
1955 1467
2864 1955
1886 1955
1886 1886
2375 1885
1886 1885
1467 978
3422 1885
1886 1885
2375 1816
1885 1956
2864 1885
2375 1397
1886 1397
2375 1886
1885 1886
1955 1886
2445 1467
1955 1956
1885 1397
1885 978
1956 1955
1886 1467
2305 2445
1956 1955
2375 1397
1467 1885
1397 1397
1956 1467
1397 1397
1397 1466
1397 1397
1467 1467
1885 8451
1466 1467
1466 1397
1886 1467
1885 1397
1397 1397
1467 1467
1467 1397
1397 1397
1397 978
1886 1397
1397 977
1467 1396
1397 977
1397 908
1467 1466
1466 1397
1955 1397
1397 1397
1467 1467
1396 1397
1466 1397
1397 1397
1466 1397
1886 1397
1397 1397
1886 1397
1467 1467
1467 1466
1886 1397
1467 1397
1886 1467
1467 1466
1467 1397
1397 978
1397 1466
1467 1466
1397 1466
1397 1466
1886 1397
1467 1397
1467 1397
1397 1397
1466 1397
1396 1467
1467 1467
1467 1397
1467 1397
1397 1467
978 1397
1397 1466
1397 1397
1886 1397
1956 1396
1886 1466
1467 1396
1397 1466
1467 1397
1397 1467
1397 1467
1397 1397
1467 1467
1466 1397
1397 1467
1396 3842
1467 1467
1397 1397
1467 978
1397 1467
1467 1466
1397 1397
1397 1397
1467 1396
1467 1467
1397 1397
1397 1396
1467 1397
1397 1467
1467 1396
1397 1467
1397 1396
1397 1466
1467 1886
1397 1397
1397 1397
1397 1466
1467 1467
1885 1397
1466 1397
1397 1467
1466 1467
1886 1397
1955 1397
1816 1467
1885 1467
1397 1397
1397 1397
1467 1397
1886 978
1397 1466
1397 978
1467 978
1397 1466
1467 1467
1397 1397
1467 978
1467 1466
1467 1467
1396 1397
1397 1466
1397 1397
1467 977
1467 1396
1816 1397
1467 1397
1397 1397
1886 1467
1397 978
1467 1467
1397 1467
1467 1397
1397 1466
1397 1397
1397 978
1397 1467
1397 1467
1467 1397
1397 1466
1467 3353
1467 1397
1466 1397
1466 1397
1467 1467
1397 1397
1467 978
1397 1467
1397 1467
1397 1466
1397 1397
1467 1397
1467 1466
1397 1397
1397 1397
1397 1397
1397 978
1467 1467
1397 1397
1886 1467
1885 1397
1886 1467
1467 1397
1397 1467
1397 908
1467 1467
1467 1397
1467 1397
1397 1397
1467 977
1467 1397
1397 1467
1397 1396
1467 1397
1466 1397
1397 1397
1886 1467
1467 1467
1466 978
1466 1397
1397 1467
1467 1467
1467 1397
1886 1397
1396 1397
1397 1397
1956 1467
1886 1467
1886 1397
1466 1397
1396 1467
1397 1467
1396 1397
1397 1397
1467 1466
1467 1467
1466 908
1886 1397
1467 978
1466 1467
1466 1397
1397 1397
1466 1467
1955 1467
1466 3283
1467 1397
1397 1397
1956 978
1467 1397
1467 1467
1816 1467
1886 1466
1397 977
1397 978
1397 978
1397 977
1397 1397
1397 977
1467 1397
1397 1467
1396 1397
1396 1397
1397 1467
1397 1467
1466 1397
1397 1397
1397 1397
1467 1467
1466 1467
1466 1397
1397 1397
1397 1397
1397 1467
1467 1397
1467 1397
1397 1397
1397 1467
1397 1397
1467 1467
1397 1397
1397 1467
1467 1396
1886 1466
1467 1397
1397 1397
1956 1397
1886 1397
1397 1466
1886 1396
1467 908
1466 908
1886 1466
1886 1397
1397 1467
1397 1397
1396 978
1397 1467
1466 1467
1397 1397
1397 1397
1397 1397
1466 1397
1466 978
1466 1397
1467 1466
1397 1397
1467 1397
1886 1397
1886 2864
1466 1397
1466 1467
1467 1397
1467 1397
1466 1397
1467 1467
1886 1397
1886 1397
1886 1397
1886 1467
1397 1466
1886 1467
1886 1467
1467 1466
1397 1397
1397 1466
1467 1396
1397 1396
1467 1397
1397 1397
1886 977
1397 1467
1396 1467
1466 1397
1397 1397
1467 977
1467 1467
1397 1397
1816 1397
1886 1397
1467 1397
1886 977
1397 1396
1886 1397
1956 1466
1467 978
1397 1467
1397 1397
1467 978
1466 1467
1397 1397
1396 1397
1467 1467
1466 1467
1467 1397
1466 1397
1397 1467
1467 1467
1397 1467
1467 1397
1397 1467
1467 1466
1886 1396
1397 1397
1467 1397
1467 1466
1467 1397
1886 1396
1397 1397
1397 1467
1467 1467
1397 1397
1397 1397
1466 3353
1397 908
1397 1466
1397 908
1467 1467
978 977
1397 1397
1397 1397
1397 978
1467 1467
1885 1397
1466 1397
1467 1397
1956 1467
1885 1397
1886 1397
1816 978
1466 1467
1467 1467
1466 1397
1397 1397
1466 1467
1467 1467
1397 1397
1466 1467
1467 1467
1956 1466
1886 1397
1467 1467
1467 1467
2375 978
1397 2374
1397 1467
1397 1397
2375 1885
1397 1397
1397 1397
1397 1466
1467 1397
1397 1467
1397 1397
1397 1467
1466 1397
1396 1467
1396 1397
1397 1467
1466 1397
1397 1467
1466 1397
1396 1397
1467 1466
1467 1397
1467 1397
1886 1955
1467 1467
1397 1397
1397 977
2375 978
1466 1467
1397 1467
1396 1397
1955 1397
1467 1466
1467 1397
1397 2794
1397 1397
1467 1397
1397 1397
1816 1397
1396 1467
1396 1467
1956 1397
1956 1397
1886 1467
1466 1467
1397 908
1467 978
1467 1467
1886 978
1467 1396
1467 1466
1397 1397
1397 977
1467 1397
1397 1396
1467 1396
1397 1396
1467 1467
1466 1397
1397 1466
1397 1397
1397 1467
1466 978
1397 978
1466 1467
1466 1397
1397 1397
1397 1397
1397 1397
1467 978
1466 1397
1397 1397
1467 1466
1397 1397
1467 1397
1886 1397
1886 1467
1886 1397
1956 978
1466 908
1466 908
1886 1397
1467 978
1467 1397
1397 1467
1396 908
1466 1397
1467 1397
1397 1397
1397 1467
1467 1467
1467 1466
1397 1397
1397 1397
1886 1467
1956 1467
1467 1396
1467 1466
1956 2933
978 1397
1467 1397
1955 1397
1396 1397
1885 1397
1396 1397
1397 1466
1397 1397
1467 1397
1467 1397
1396 1397
13899 1886
1885 1886
1466 1397
2374 1467
1886 1466
1956 1396
1886 1467
1956 1467
1886 1396
1886 1886
1816 1466
1397 1467
1466 1397
1886 978
1467 1397
1467 1467
1886 1397
1396 1467
1466 1397
1396 1467
1886 1467
1397 1886
1397 1467
1886 1467
1397 1466
1467 1397
1816 1467
1467 1397
1467 1467
1956 1396
1397 1397
1397 978
1397 1467
1467 908
1467 1397
1397 1466
1397 1466
1397 1397
1467 1467
1397 1467
1467 1886
1466 1467
1885 1397
1955 1397
1955 1956
1956 1466
2305 1466
1886 1885
1955 1956
1886 1397
1886 1886
1886 1955
1956 4261
1886 1956
1886 1466
1467 1467
1467 1397
1886 1396
1467 1466
1397 1397
1397 1396
1397 1397
1397 1397
1466 1467
1467 1467
1467 1397
1397 1397
1467 1397
1467 1466
1467 1396
1397 1466
1397 1397
1886 1466
1886 1467
1467 1397
1886 1467
1466 1467
1397 1397
1885 1467
1397 1956
1467 1466
1397 1397
1956 1397
1397 978
1467 1467
1397 1397
1397 1397
1467 1396
1467 1467
1466 1397
1397 1397
1397 1466
1397 978
1467 1396
1397 1397
1886 1397
1466 1397
1397 1467
1956 1467
1467 1467
1397 1397
1467 1466
1467 1396
1467 1396
1397 1396
1467 1466
1466 1397
1397 1467
1886 1397
1467 1467
1886 1397
1396 1467
1885 1397
1886 1467
1886 1397
1886 1397
1956 3352
1467 1467
1885 1467
1397 1467
1466 1886
1467 978
1886 1466
1397 1467
1397 978
1467 1397
1467 1397
1397 1397
1955 1397
1397 1467
1885 1467
1467 1397
1466 1397
1885 1467
1467 1397
1397 978
1397 1397
1886 1397
1467 1397
1397 1467
1467 1397
1397 978
1467 1397
1397 1466
1397 1466
1397 1397
1467 978
1466 1397
1397 978
1397 1397
1467 1467
1466 1467
1397 1397
1466 1397
1466 1467
1886 1397
1886 1397
1466 1467
1466 1467
1467 908
1397 1397
1396 1397
1396 1467
1397 1467
1466 1886
1886 1886
1467 1886
1467 1466
1467 1396
1467 908
1886 1397
1467 978
1467 1397
1397 1467
1397 1396
1467 1466
1466 1397
1397 1397
1397 1397
1467 1467
1467 3772
2375 1886
1397 1397
1467 1466
1467 1397
1886 2304
1467 1397
1467 1467
1396 1467
1466 1327
2375 1955
1885 1956
1886 1886
1886 2304
1956 1885
1956 1956
1466 1397
2794 1886
1886 1886
1955 1467
1397 1467
1956 1397
1886 1467
1467 908
1397 978
1397 1397
1886 1467
1397 977
1397 977
1467 977
1397 1955
1956 1956
1466 1397
1467 1397
1397 1467
1955 1467
1397 1397
1466 1397
1397 1467
1466 1467
1397 1886
2375 1397
1467 1956
1467 1396
1886 1397
1886 1397
2375 1467
1397 1396
2375 1397
2235 1397
1467 1397
1396 1397
1886 1466
2375 1397
1886 1467
1397 1397
1466 908
1886 1467
1466 1467
1397 978
1467 978
1397 1467
2375 978
1467 1466
1397 6216
1886 1467
1467 1466
1886 1397
1397 1467
1467 1397
1467 1467
2374 1397
1397 1396
1467 1467
1466 1467
1467 1397
1885 1397
1467 1467
1397 1467
1397 1397
1397 1397
1397 1397
1467 1467
1956 1466
2375 1397
1397 1397
1397 978
1466 1467
1466 1397
1396 1397
1397 1467
1466 1467
1885 1397
1466 1397
1397 1397
1467 1397
1397 1467
1886 978
1397 1397
1467 1466
1467 1397
1467 1397
1886 1466
1467 1467
1397 908
1886 1397
1467 978
1466 1467
1467 1397
1396 908
2444 1467
1956 1397
1397 1397
1886 1397
1397 1397
1466 978
1467 1467
1886 1397
1886 1397
1467 1397
1467 1466
978 1396
1886 1397
2375 908
1467 1467
1467 978
1467 1397
1886 1466
9010 3352
1397 1397
1466 978
1466 1397
1396 1467
1396 1467
1466 1467
1467 1467
1397 1397
1397 1467
1467 1397
1467 1396
1397 908
1467 1397
1467 978
1467 1397
2305 1396
1467 1397
1397 1397
1467 1396
1397 1396
1816 1397
1467 908
1467 1467
1467 1466
1467 1397
1467 1397
1467 1466
1956 1397
1467 978
1397 977
1467 1467
2374 1397
1396 1467
1396 978
1886 1467
1467 1397
1956 1467
1467 1397
1467 1466
1397 1955
1397 1397
1467 1396
1467 1396
1467 1467
2375 1397
1467 1467
1955 1467
1956 1467
1886 1397
1397 1467
1886 1397
1397 1397
1885 1397
1397 1397
1467 1467
1397 1466
1467 1397
2444 1886
1397 1467
1466 1467
2375 1397
1397 1397
1397 1397
1467 3283
1397 1467
1396 1397
2374 1467
1467 1467
1397 1467
1397 1467
1956 1467
1956 1467
1397 1397
1467 1397
1886 1466
1467 1467
1467 1397
1397 1466
1397 977
1466 1467
1885 1467
1816 1466
1397 1396
1467 1397
1886 1886
1397 1397
1397 1886
1467 1397
1467 1397
1396 1397
1397 1397
1467 1467
1397 908
1466 1397
1396 978
1396 1467
1397 1397
1467 978
1397 1467
1956 1467
1886 1885
1397 1467
1397 1467
1397 1467
2375 1886
1397 1467
1397 1397
1467 1466
1886 1396
1397 1397
1467 1397
1956 978
1466 978
1397 1397
2445 1397
1467 978
1466 908
1397 1397
1397 1397
1956 1467
1466 1397
1397 1467
1396 1397
1466 1467
1466 1397
1886 1397
1397 1397
1886 3841
1467 1397
1397 1467
1397 1397
1397 1467
1466 1397
1466 1467
1466 1397
1956 1397
1955 1467
1397 978
2374 1467
1396 1397
1466 1467
1397 1397
1397 908
1466 978
1467 1467
1467 1397
1467 1397
1397 1467
1397 1466
1886 1397
1397 908
1397 1397
1886 1397
1467 978
1397 1397
1816 1886
1396 2375
1956 1955
1886 1886
2305 2375
1955 1956
1956 2304
1956 1466
1397 1466
1885 1467
1397 1397
1467 1397
1396 1467
1466 1467
1397 1397
1397 1467
1397 1886
1467 1467
1467 1397
1397 1397
1956 1886
1956 1466
1886 1467
1886 1466
1956 1467
1955 1397
1886 978
1397 1397
1397 978
1397 1467
1397 1397
1467 1327
1467 908
1397 1466
978 1397
1886 1397
1397 3283
1466 1397
1467 1397
1397 1467
1397 22001
1466 1467
1397 978
1397 1467
1886 1885
1956 1467
1886 1397
1885 1886
1397 1466
1885 1886
2374 1467
1467 1886
2375 1467
1885 1886
1955 1956
1886 1956
1397 1467
1816 1886
1886 1886
1956 1955
2444 1956
1396 1397
1885 1956
1956 1955
1886 1397
1467 1886
1466 1956
1816 1466
1886 1816
1397 1467
1886 1956
2305 1955
1397 1886
1955 1956
1816 1467
1467 2375
1886 1397
1467 1397
1886 1397
1397 1466
1886 1397
2444 978
1396 1397
1397 1466
1397 1397
1466 1467
1397 1397
1885 1397
1956 1397
1886 1467
1886 1467
1466 978
1466 1397
1397 978
1466 1467
1397 1467
1397 1397
1396 1397
1466 1397
1886 1467
1467 4191
1397 1466
1467 1397
1397 1467
1467 1397
1397 1397
1466 1397
1396 1397
1397 1467
1397 1397
1466 1467
1467 1397
1396 1467
1396 1397
1397 1467
1886 1397
1886 1467
1397 1467
1467 1467
1397 1466
1397 1397
1397 1397
1467 1397
1467 1467
1397 1397
1467 1467
1397 978
1466 1397
1397 1397
1397 1467
1396 1397
1466 1467
1397 1397
1467 1397
1397 1397
1467 1397
1397 1397
1467 1467
1467 1397
1467 1467
1886 1396
1397 1397
1886 1397
1397 1466
1467 978
1886 1396
1467 1466
1886 1466
1467 1467
1466 1397
1886 1466
1397 978
1466 1467
1397 1397
1397 978
1886 1397
1956 1397
1467 1397
1886 1397
1467 1397
1397 1467
1467 1466
1886 1466
1467 1396
1397 3352
1467 1467
1397 1467
1397 1397
1396 1467
1467 1467
1886 1397
1816 1397
1397 1467
1956 978
1467 1397
1467 1397
1886 1467
1467 977
1397 1396
1467 1397
1397 978
1467 1467
1397 1397
1397 908
1467 1397
1467 1467
1466 1397
1396 1397
1397 977
1397 1466
1467 1466
1397 1885
1397 978
1886 1886
1397 1466
1467 977
1397 978
1467 1397
1397 1466
1467 1467
1467 1397
1956 1397
1467 1467
1466 1397
1397 1467
1397 1397
1467 1956
1466 1397
1885 1397
1886 1886
1956 1467
1467 1396
1397 1467
1886 1466
1886 1466
1397 1467
1397 1396
1467 1816
1955 1956
1956 1397
1886 1956
1467 1397
1956 1467
1885 1397
1816 1886
1886 1886
1885 1886
1886 1885
1397 5238
1466 1467
1956 1885
1886 1396
1886 1397
1955 1397
1816 1886
1397 1397
1397 1467
1956 1397
1886 1467
1956 1397
1886 1397
1467 977
1397 1396
1886 977
1467 1397
1467 1467
1397 1397
1397 977
1467 1397
1397 1467
1396 1397
1397 1467
1397 1467
1397 1467
1397 1397
1397 1397
1397 1397
1467 1467
1397 1396
1397 1467
1397 1397
1467 1467
1467 1397
1397 1397
1397 908
1397 1467
1467 1396
1397 1466
1397 1397
2864 2374
977 978
1396 978
1396 1397
1466 978
1467 1467
1397 1886
1397 1397
1886 978
1467 1396
1397 1397
1467 1466
1886 1466
1467 1397
1467 977
1467 978
1467 977
1397 1467
1466 1397
1397 1396
1397 908
1467 977
1397 1396
1397 3282
1397 1397
978 977
1467 1397
1397 1397
1397 1396
1467 1466
1466 1397
1397 1467
1397 1397
1397 1467
1467 1397
1397 1467
1885 1397
1397 1467
1467 1397
978 1397
1466 1397
1397 1467
1467 1467
1886 1467
1467 1397
1397 1467
1467 1466
1397 1396
1886 1397
1467 1397
1467 1466
1467 1397
1397 1396
1397 1467
1397 1397
1467 1397
1397 1397
1396 1397
1466 1397
1467 1467
1467 1467
1816 1467
1397 1397
1886 1467
1467 1397
1467 1397
1886 1397
1956 1466
1467 908
1397 978
1816 1397
1467 978
1467 1467
1397 978
1397 1397
978 1467
1466 1397
1397 1397
1397 1397
1467 1397
1467 1397
1397 1397
1397 1467
1466 1397
1467 1397
1397 1397
1397 1397
1397 2863
1397 1467
1467 1397
1397 1467
1886 1397
1956 1467
1467 1466
1397 1396
1397 1397
1397 977
1467 978
1397 1467
1397 1396
1397 1466
1466 1467
1397 1397
1397 1397
1886 1467
1955 1397
1886 1467
1466 1397
1396 1397
1956 1397
1816 1397
1886 1467
1956 1397
1467 977
1397 908
1816 1467
1467 1397
1397 977
1397 1397
1397 978
1816 978
1397 1466
1397 1397
1397 1397
1816 1396
1397 978
1467 977
1467 1396
1816 1467
1397 1397
1467 1467
1467 1397
1886 1467
1886 1886
1467 1467
1397 1397
1467 1397
1467 1885
1467 1467
1396 1397
1397 1467
1397 1467
1397 1467
1397 1467
1397 1467
1397 1397
1397 1467
1886 978
1397 1397
1467 1397
1467 1397
1467 3771
1397 1397
1467 978
1466 1886
1397 1886
1816 1397
1397 1397
1397 978
1956 1956
1397 1397
1467 1397
1397 1466
1467 1397
1397 1397
1397 1397
1397 1466
1467 1467
1397 1397
1397 1397
1396 1467
1466 1956
1397 1886
1467 1397
1397 1886
1886 1466
1397 2374
1397 1397
1886 1466
1466 1467
1397 1397
1466 1397
1466 1467
1466 1467
1886 1467
1397 1397
1466 1397
1955 1467
1467 1397
1886 1397
1397 1467
1396 1397
1466 1397
1397 1397
1397 908
978 1886
1396 908
1886 1467
1816 1397
1466 1467
1467 1466
1467 1397
1886 1466
1956 1956
2374 1816
1467 1467
1397 1397
1955 1467
1397 1397
1467 978
1467 1397
1397 1397
1956 1886
1397 907
1886 1886
1885 3422
1886 1396
1467 1397
1886 1956
2445 1956
1397 1886
2305 1397
1885 1397
1466 978
1467 1816
1397 1397
1396 1397
1466 1397
1467 1467
1397 1397
1397 1397
1397 1467
1467 1396
1886 1885
1397 1466
1467 1466
1886 1397
1886 1956
1885 2375
1886 1955
1886 1886
1956 2375
1955 1956
1886 1885
2305 1885
1816 1397
1956 1467
1466 1397
1397 1397
1467 1397
1466 1467
1467 1397
1397 1397
1466 1397
1466 978
1467 1397
1397 1397
1466 908
1396 1397
1466 1397
1816 1397
1886 1466
1397 1396
1397 1466
1467 1397
1466 1397
1397 1397
1397 1467
1885 1397
1466 1467
1955 1397
1885 1467
2444 1886
1886 1397
1397 17670
1886 1467
1886 1467
908 1467
1886 2375
2375 5727
1955 1886
1886 1886
1886 1885
2863 1467
1886 1885
1816 1885
1816 1886
1886 1886
1466 1886
2304 1886
2374 1886
1956 1885
1956 1467
1467 1886
1955 1956
1886 1885
1956 1885
2375 1397
2444 1886
1886 1955
1816 1885
2445 1956
1886 1886
1886 1466
1886 1955
1955 1886
1886 1886
1956 1467
1467 1466
1397 977
1816 1397
1886 1466
1886 977
1467 1397
1397 1397
1397 1397
1886 1467
1956 1466
1467 1397
1397 1397
1397 1397
1466 1397
1467 1467
1397 1397
1397 1397
1467 1397
1467 1466
1397 1466
1397 1397
1467 1467
1956 1467
1886 1397
1816 1396
1397 1466
1467 978
1886 1397
1956 1397
1956 1467
1466 978
1397 908
1466 1397
1396 978
1466 1467
1397 6984
1467 1397
1397 1467
1397 1397
1397 978
1397 1467
1396 1467
1467 1397
1886 1397
1396 1467
1466 1397
1466 1467
1466 1397
1397 1397
1396 1397
1396 1467
1467 1397
1467 1397
1397 1397
1397 1467
1886 1397
1886 1467
1886 1397
1886 1467
1467 1397
1397 1466
1467 1396
1886 1396
1467 1397
1397 1397
1397 1466
1467 1396
1467 978
1396 908
1816 1466
1955 1397
1397 1467
1397 1397
1397 1467
1886 1467
1466 1467
1397 1397
1397 1397
1396 908
1466 1467
1466 1467
1466 978
1886 1466
1886 1396
1956 1397
1466 908
1397 978
1886 1397
1467 978
1466 1397
1396 1397
1397 908
1466 1397
1467 1397
1467 1467
1466 1397
1467 1467
1466 1397
1955 1397
1396 3353
1467 1397
2305 1397
1397 1466
1397 1466
1467 1397
1885 1397
1397 1467
1396 1467
978 1955
1397 1397
1397 1397
1886 1467
1467 1467
1397 1397
2374 1397
1397 1467
2375 1397
2374 1397
2374 1467
2445 1397
1397 1956
1885 2375
1396 1467
1886 2374
1467 1396
1886 1397
1467 1396
1886 1397
1397 1396
2305 1397
1397 1956
1397 1397
1397 1397
1466 1467
2444 1466
1886 1466
1397 1397
1467 1466
1467 1397
1885 978
1396 1397
1397 1955
1397 978
1397 1886
1886 1396
1397 1397
2375 1466
1467 977
1467 1886
1397 1397
1397 1467
1955 1397
2374 2445
1397 1467
1955 1467
1467 1467
1467 1397
1886 1397
1886 1955
1886 1397
1886 1396
2445 2305
1467 1397
1955 2794
1886 1956
1397 978
1886 1466
1886 1886
1397 1396
2445 1397
1956 1956
1397 1397
2305 1397
1467 1886
1467 1466
1885 1397
2305 2374
1397 1466
1886 1467
1466 1956
1397 1397
1956 1397
1467 1466
1397 1466
2305 1466
978 1467
978 1467
1396 1467
1397 1956
1956 1397
1886 1397
1467 1885
1397 1397
1955 1467
1467 1886
1467 978
2375 1397
1467 1886
1886 1397
1955 1467
1886 1886
1467 1397
1886 978
2375 1955
1397 2445
1467 1397
2305 2375
1396 1397
1885 1467
1885 1816
1396 1327
1885 1397
1467 1956
1467 908
2445 1397
1397 1397
1467 1466
1886 978
1467 1886
1886 1397
2375 1467
2305 2374
1397 1466
1886 1466
1467 1397
1396 978
1466 978
1397 5378
1956 1397
1397 1396
1956 2374
1397 1397
1886 1397
1886 1467
2374 2305
1397 1397
1956 978
2375 2375
1397 1466
1886 1397
1886 1886
1397 1467
1885 1397
1815 1397
1396 1467
1467 1397
1886 1955
1816 1396
1886 1466
1955 1886
1396 978
1886 1397
1956 2444
1467 1466
1886 1466
1397 1396
1467 1467
1886 1397
1885 2445
1397 1467
1956 1396
1397 1396
1397 1466
1886 1467
1397 1886
1956 1397
1886 1467
1886 1956
1397 1397
2305 1397
28705 1886
1955 1397
2375 1467
1397 1396
1397 1396
1467 1466
1956 2375
1397 978
1955 1397
1886 2445
1467 1397
1886 1397
1397 2375
1886 1467
1956 1397
1397 2305
1885 1397
1466 1467
1467 1886
1816 1397
1956 1397
1467 3842
1467 1397
1886 1397
2374 2375
1886 978
1886 1397
1886 1886
1467 1397
1886 1466
1467 1956
1886 1467
1955 1397
1955 1956
1397 1467
1816 2375
1886 1466
1956 1467
1397 1397
1816 1396
1886 1466
1467 978
1885 1467
1955 1397
1396 1397
1467 1467
1467 1397
1467 1397
1397 1467
1467 1466
1886 1396
1886 1466
2375 1466
2445 978
1885 1467
1467 1397
1956 1397
1467 1886
1886 1397
1397 908
1396 978
1466 978
1397 1397
1885 1466
1397 1396
1467 1467
1955 1397
1885 1397
1816 1397
1886 1467
1467 1397
1397 1467
1397 1397
1885 1467
1467 1467
1397 978
1397 978
1397 978
1467 1466
1467 1397
1467 1397
1467 1467
1467 1466
1397 1396
1467 1397
1397 3352
1466 1467
1886 1397
1397 1397
1397 1397
1956 1467
1886 1397
1397 1397
1466 1397
1397 1467
1397 1467
1397 978
1397 1396
1886 1466
1467 978
1466 1397
1397 1397
1467 978
1466 1467
1466 1397
1397 1397
1466 1397
1466 1467
1467 1397
1467 1397
1466 1397
1467 1467
1467 1467
1467 978
1397 1467
1397 1467
1886 1396
1397 1467
1467 1467
1467 1466
1397 1397
1397 1396
1397 977
1397 1467
1466 1397
1396 1397
1397 1397
1467 1397
1467 1466
1886 1397
1397 1397
1397 1467
1467 1467
1397 1466
1467 1396
1397 1467
1467 1397
1467 1466
1397 1466
1397 1466
1467 1466
1467 1467
1397 1397
1816 1397
1397 1467
1466 978
1397 1397
1467 908
1467 1467
1466 2864
1397 1397
1956 1467
1397 1397
1467 1396
1467 1397
1397 1467
1397 1397
1467 1467
1397 1397
1886 1397
1467 1396
1467 1397
1466 1467
1886 1816
1467 1816
1955 1467
1467 1397
1397 1397
1397 978
1397 1467
1467 1397
1467 1397
1397 1397
1397 1467
1886 1396
1467 1466
1886 1397
1397 1466
1467 1397
1886 1467
1956 1397
1886 1397
1467 1397
1397 1397
1397 1467
1886 1396
1467 978
1885 1956
1397 1397
908 1467
1396 978
1467 978
1397 1466
1397 1397
1397 1397
1467 1397
1467 1467
1397 1397
1466 1397
1466 1467
1466 1397
1886 2375
1397 1397
1886 1397
1467 1396
1467 978
1397 978
1886 1397
1397 977
1467 1886
1956 1956
1885 1886
1956 1886
2305 4330
1885 1886
1956 1885
1816 1396
1956 1467
1886 1466
1466 1467
1466 1397
1467 1466
1466 1467
1886 1467
1397 1886
1885 1397
1397 1886
1955 1886
1886 2375
1886 1886
1956 1467
1467 1955
1886 1467
1886 1397
1886 1956
1397 1886
1956 1397
1886 1886
1956 1886
1886 1886
1467 1885
1956 1397
1816 1886
1886 1956
1886 1467
1886 1885
1886 1466
1397 1396
1466 2375
2375 1397
1466 1467
1467 1467
1467 978
1886 1397
1397 1467
1397 1397
1466 908
1467 908
1885 1397
1467 1397
1397 1467
1397 1467
1955 1397
1466 1397
1397 1467
1955 1397
1886 1467
1886 1397
1885 1397
1467 1397
1397 1467
1467 1397
1397 1467
1467 1397
1397 978
1397 978
1397 908
1467 3422
1396 1467
1466 1397
1466 1467
1466 1467
1467 1397
1396 978
1397 1467
1467 1467
1397 1397
1397 1467
1467 1467
1467 1397
1886 1396
1397 1397
1397 1397
1466 1467
1956 1467
1956 1886
1467 1396
1397 1466
2375 1467
1397 1467
1396 1397
1886 1467
1466 978
1397 908
1397 1397
1885 1467
1467 1467
1397 1397
1467 1397
1467 978
1467 1466
1397 1397
1467 1467
1467 1467
1467 1467
1886 1397
1886 1396
1467 1466
1886 1467
1466 1397
1466 1397
1886 977
1397 1467
1397 1397
1396 1397
1397 1397
1397 978
1467 978
1467 908
1816 1467
1397 1397
1467 1466
1467 1397
1397 1466
1397 1396
1467 1467
1955 1397
1886 1397
1816 908
1467 1397
1466 1397
1396 2864
1397 1397
1886 1467
1467 1466
1467 1467
1397 1467
1467 1466
1397 1397
1397 1466
1467 1396
1467 1396
1467 1397
1885 1397
1397 1466
1397 1467
1396 1467
1466 1397
1397 1397
1467 1396
1467 977
1397 1396
1327 1397
1397 1467
1467 1397
1886 1466
1816 1466
1886 1467
1467 1467
1467 978
1816 978
1886 1466
1956 1466
1467 978
1397 908
1397 908
1956 1467
1466 1467
1466 1397
1466 1397
1396 1467
1466 1467
1397 1467
1466 1397
1397 1467
1467 1955
1467 1885
1397 1397
1467 1396
1467 1397
1466 1397
1397 1396
1886 1466
1397 1466
1397 1466
1886 1397
1397 1816
1467 1467
1467 1467
1886 1397
1886 1397
1467 1467
1956 1467
1397 1397
1397 1397
1467 2863
1466 1397
1466 1467
1397 1397
1396 1467
1467 1397
1886 1467
1397 1467
1397 1397
1467 1467
1467 1397
1886 1467
1816 1397
1467 977
1467 1466
1397 1397
1467 1397
1467 1466
1467 978
1886 1397
1467 1466
1467 1467
1466 1397
1397 1397
1397 908
1397 1466
1397 1956
1466 1467
1396 1397
1396 1467
1466 1397
1397 1397
1397 1397
1397 1467
1467 1467
1886 1397
1956 1397
1886 1467
1467 1467
1397 1396
1467 1397
1816 1467
1886 1466
1397 1467
1397 908
1467 1397
1397 978
1466 1467
1397 1397
1467 1467
1397 1467
1466 1467
1397 1397
1467 1467
1467 1397
1956 1467
1397 1397
1397 1397
1396 1397
1397 1467
1466 1397
1396 1397
1956 1396
1886 1396
1886 2934
1396 1397
1815 1397
1885 1467
1467 1467
1397 1467
1467 1397
1397 978
1467 1397
1397 1467
1397 1467
1397 1467
1467 1396
1397 1397
1467 1396
1886 1397
1467 1467
1466 1397
1397 1466
1397 1396
1397 1467
1466 1467
1397 1467
1466 1467
1466 1397
1886 1397
1886 1397
1397 1397
1467 1467
1466 1467
1397 1397
1397 977
1397 908
1397 1466
1467 1397
1397 1466
1397 1396
1467 1467
1466 1397
1466 1397
1397 1397
1466 1467
1886 1397
1886 1397
1885 1397
1955 1397
1467 908
1816 908
1397 1467
1467 1467
1956 1466
1886 1397
1886 1467
1467 978
1467 1396
1397 1396
1886 1467
1397 1466
2445 1956
1885 1886
2374 1886
1466 978
1956 1886
1886 1397
1397 3283
1467 1467
1886 978
1467 908
1886 1467
1886 1397
1956 1397
1886 1466
1397 1466
1467 1396
1467 1397
1467 1467
1397 1397
1397 977
1466 1397
1396 1467
1397 1467
1466 1397
1466 1467
1467 978
1885 978
1396 1397
1955 1467
1467 1397
1886 1397
1467 1397
1956 1466
1467 1466
1816 1397
1956 1397
1467 1467
1466 1467
1397 1396
1397 1466
1397 1397
1397 1396
1886 978
1397 977
1397 1396
1467 1886
1397 1397
1466 1397
1397 1397
1467 978
1466 1397
1396 1467
1397 1397
1466 1467
1467 1397
1397 1397
1397 1397
1466 1467
1467 1467
1397 1397
1467 1397
1467 1467
1956 1466
1816 1397
1397 1467
1467 1467
1956 978
1397 1397
1816 1466
1467 1466
1467 4820
1397 1397
1397 1467
1815 1397
1466 908
1397 908
1816 1397
1397 1466
1397 1467
1955 1397
1466 1397
1886 1467
1467 1467
1397 908
1466 978
1885 1467
1885 978
1467 1397
1467 978
1397 908
1397 1397
1467 1397
1397 1397
1467 1397
1397 1397
1467 1466
1467 1396
1397 1467
1397 908
1397 1466
1467 1467
1397 1467
1467 1396
1467 1467
1886 1397
1816 1396
1397 978
1397 1467
1467 978
1397 1397
1886 1397
1466 1397
1397 1467
1467 1467
1467 1397
1397 1467
1397 1467
1397 1397
1467 1397
1397 1467
1467 1467
1397 1396
1467 1466
1816 978
1397 977
1467 1397
1397 1397
1397 978
1397 1467
1397 1397
1397 1467
1467 1397
1397 1467
1886 1396
1886 2794
1467 1466
1467 1467
1466 1397
1466 1397
1467 1396
1397 1466
1886 1885
2305 1396
1397 1397
1467 1397
1467 1466
1956 1466
1886 1396
1467 1397
1397 1466
1397 1467
1466 1397
1467 1396
1467 1467
1396 1397
1397 978
1397 1397
1467 1467
1397 1467
1397 978
1467 978
1397 1397
1467 1397
1397 1397
1467 1397
1397 1397
1467 1396
1886 1397
1886 1467
1467 1467
1397 1397
1397 1397
1467 1397
1397 1467
1467 1397
1397 1466
1397 1397
1467 1467
1467 1397
1397 1397
1397 1397
1886 1885
1467 1467
1466 1397
1466 1397
1467 1397
1885 1467
1467 1467
1885 1467
1397 1397
1466 1467
1467 1397
1397 1397
1397 1397
1467 1467
1397 1466
1397 1397
1397 1466
1467 14807
1467 1886
1467 1397
1467 1467
1886 908
1816 1396
1467 1397
1397 1466
1397 1466
1816 1397
1397 1397
1955 1467
1397 978
1397 1467
1467 1397
1886 1956
1467 1397
1397 1466
1467 1396
1886 978
1466 1467
1466 1886
1396 1397
1466 2375
1467 1397
1397 1886
1397 1397
2375 1467
2374 1397
2305 2445
2375 1467
1467 1467
2374 1397
2444 1397
1467 1397
1467 1397
1397 1396
1467 1466
1397 1466
1397 1397
1397 1327
2375 1397
1886 1886
1467 1467
2374 1397
1886 2375
1396 1467
1886 978
1956 2305
1397 1467
1956 977
1397 1816
1467 1397
1467 1396
1467 1467
1397 1397
2375 1397
1467 1467
978 1885
1956 1397
1397 1886
1397 1467
2375 1397
1397 1397
1467 2375
2445 1467
1885 2375
1885 1397
2375 1467
1886 2375
1397 908
1886 1397
1467 1466
1397 1467
1885 1397
1955 1886
1397 1397
1466 1886
1467 1467
1816 1467
1397 1397
1397 1467
1956 1885
1467 1466
2375 1397
1886 2444
1466 1467
1885 1886
1885 1956
1886 1467
1886 1397
1886 1955
1397 1397
1886 1955
1955 1816
1886 1397
2863 1467
1466 1886
1397 1397
1886 1467
1397 1886
1397 1467
2374 1397
1397 1885
1397 978
1397 1467
978 1886
1396 1397
1886 1467
1467 1467
1955 1956
1956 978
1886 978
2445 2444
1886 1396
1956 1885
2864 2445
1956 2793
1467 2374
1886 1467
1467 978
1816 1885
1956 1397
1885 1956
1956 1396
2305 1466
1886 1467
2933 1466
1816 5587
2375 2375
1956 1466
2375 1885
1397 1397
1816 2374
1397 1886
1816 1327
1397 1397
1466 1956
1467 1397
2445 1397
1467 1886
1467 1466
1467 1397
1467 1397
1467 1467
2444 978
1467 1886
1467 1397
2375 1467
1467 1467
1956 1397
1467 1397
1467 1396
1466 978
2374 1397
1396 1467
2374 2445
1956 977
1886 1397
1886 2444
1886 977
1885 1397
1885 2305
1467 1397
1886 1396
1397 1397
1397 1397
2863 1397
1885 2375
1467 1466
1886 1397
2305 2374
1397 1466
1886 978
1955 2375
1885 1397
1955 1467
1467 2305
1467 1397
1886 978
2375 2445
1885 1397
1955 1397
2374 2375
1467 1466
1886 1397
1956 2375
1467 1467
1886 1467
1885 2305
1466 1397
2444 1466
1886 4260
1397 1886
1467 1397
1466 1467
1466 1397
1397 1397
1467 1397
1396 1467
1467 1467
1816 2375
1397 1467
1956 1467
1886 2374
1886 1396
2375 1396
1956 1886
1396 1397
2375 1397
1885 1955
1467 1466
1886 1397
2375 2374
1886 1467
2374 1397
1885 1467
1816 1397
1956 1466
1886 2305
1886 1466
2305 1397
1466 1397
1886 1397
1396 1467
1467 1955
1467 1397
1397 1397
1886 908
1886 1886
1886 1397
2374 1467
1397 1397
1466 1397
1466 1397
1397 1397
1886 1397
1466 1397
1467 1466
1467 1397
1467 1397
1886 1397
1886 978
1956 1396
1397 978
1816 1397
1467 977
1467 1397
1397 977
1397 977
1397 1466
1397 908
1397 1397
1886 1466
1886 978
1466 1467
1396 3283
1466 1397
1956 1467
1467 977
1397 1397
1467 1397
1816 1397
1467 1397
1397 1397
1396 1397
1397 1467
1397 1467
1466 1397
1466 1397
1885 1467
1466 1467
1886 1397
1956 1467
1886 1467
1466 1467
1956 1397
1467 1397
1816 1397
1886 1397
1467 1396
1397 1397
1467 1397
1397 1397
1467 1397
1397 908
1397 102182
1886 1397
1397 1397
1467 1466
1467 1467
1396 1397
1396 1397
1467 1467
1466 1467
1397 1397
1955 1397
1466 1467
1466 978
1397 1467
1886 1467
1886 1467
1886 1467
1397 1396
1397 1467
1956 1955
1956 1466
2375 1397
1397 1396
1397 977
1886 1466
1466 1397
1396 1397
1397 1396
1467 1466
1467 977
1886 1396
1397 1397
1397 1467
1466 978
1886 5308
1397 1397
1467 1396
1467 978
1397 978
1955 1397
1467 1397
1885 1467
1467 908
1397 1467
1397 1397
1466 1467
1467 1467
1397 1467
1467 1886
1956 1467
2445 1955
1467 1955
1886 1886
1466 1467
1886 1886
1397 1955
1397 1885
1956 1397
1886 2793
2374 1397
1466 1956
1956 1955
1816 1466
1886 1885
1467 1956
1886 1467
1886 1467
908 1467
1467 1397
1886 1467
1467 1397
1885 1397
1467 1467
1397 1397
1816 1467
1397 1397
1467 1466
1467 1397
1816 1397
1397 1397
1956 1466
1467 1467
1397 1396
1467 1396
1467 1397
1466 1397
1397 1397
1397 1396
1956 1397
1466 1467
1466 1397
1397 1397
1467 1396
1397 1466
1886 1886
1886 1467
1816 1397
1956 1467
12432 4261
1956 1467
1467 1397
1397 1396
1397 908
1467 977
1467 1467
1397 1397
1467 1397
1397 1466
1956 1467
1396 1397
1397 1467
1397 1397
1956 1467
1397 978
1396 1397
1466 1397
1467 1397
1466 1397
1397 1397
1397 1467
1466 1467
1886 1467
1397 1397
1396 1397
1397 1397
1467 978
1397 1397
1397 977
1467 978
1397 1466
1886 1466
1397 1466
1467 1397
1397 977
1467 1467
1467 1397
1397 1397
1467 977
1467 1467
1397 1397
1467 1397
1397 1466
1467 1397
2374 1397
1886 908
1397 1397
1467 978
1466 1467
1396 1397
1397 1467
1467 1467
1466 1397
1397 1397
1397 1397
1466 1397
1466 1397
1397 1397
1397 1397
1886 1886
1815 1886
1885 1397
2444 1467
1956 5238
1396 1956
1955 1886
1886 1396
1956 1396
1886 1466
1955 1467
1397 1886
1816 1885
1467 1466
1397 1397
1467 1397
1467 1397
1397 1467
1466 1467
1885 1467
1466 1467
1886 978
1466 1467
1886 1397
1396 1467
1885 1467
1466 1467
1467 1397
1397 1397
1466 908
1466 1467
1467 1467
1397 1397
1396 1467
1396 1397
1397 1467
1956 1467
1397 978
1466 1397
1466 1886
1467 1397
1467 1397
1397 1397
1956 1466
1397 1885
1955 1397
2375 908
1397 1467
1466 1397
1396 1467
1397 1397
1466 1467
1467 1397
1885 978
1466 1397
1396 978
1397 1397
1397 1397
1466 1467
1397 1467
1467 1467
1886 1397
1886 1467
1466 1467
1467 978
1397 1397
1397 978
1885 1397
1885 3423
1397 1467
1397 1327
1396 1467
1466 978
1397 1467
1397 1467
1397 1467
1467 1467
1467 1467
1397 1397
1397 1397
1467 1467
1467 1466
1397 1397
1467 1397
1397 1467
1467 977
1397 1396
1397 1466
1467 1397
1467 1466
1397 978
1397 1397
1467 1396
1467 1396
1467 1397
1397 1397
1397 1466
1467 1466
1886 978
1396 1397
1886 1396
1397 1397
1467 1396
1397 1396
1397 1397
1467 1397
1397 1467
1397 1467
1397 1467
1467 1397
1397 1397
1467 1396
1397 1466
1397 1397
1397 1467
1467 1397
1886 1467
1886 1397
1886 1466
1397 1467
1886 1397
1467 1466
1467 1467
1397 1467
1396 1397
1397 1467
1467 1467
978 1467
1885 1397
1396 908
1467 1467
1466 1467
1397 3353
1467 908
978 1397
1397 1467
1885 1467
1955 1397
1397 1466
1397 1397
1467 1397
1466 1397
1885 1397
1397 1397
1466 1467
1956 1397
1886 1467
1396 1397
1466 1467
1467 978
1397 978
1397 1397
1397 1467
1467 1466
1886 1397
1956 1397
1467 1467
1467 1466
1397 1466
1397 1466
1397 1397
1467 1466
1886 1397
1886 1396
1886 1955
1467 1467
1397 1397
1816 1467
1467 1397
1466 1886
1397 1397
1397 1397
1886 1397
1397 1467
1955 1886
1397 1397
1886 1397
1886 1467
1886 1467
1886 1397
1886 1886
1466 1467
1397 978
2375 1467
1397 1397
1466 1397
1467 1467
1397 1397
1467 1397
1466 1397
1467 1397
1397 1397
1397 1467
1886 1397
1467 908
1467 908
1397 2863
1467 1466
1467 1467
1885 1397
1327 1397
1467 1467
1955 978
1467 908
1885 1397
1467 1397
1397 1466
2374 1397
1886 1886
1956 1396
2375 1397
1397 1467
1396 1467
978 1467
1467 1467
1467 1956
1397 1397
1397 1397
1396 1467
1467 1467
1886 1467
1467 1467
1397 1467
1956 977
1467 1397
1467 1397
1397 1467
1956 977
1467 908
1397 1886
1956 1397
1956 1885
1397 1397
1397 1396
1467 1397
1467 978
1466 1467
1396 1397
2375 1397
908 1466
1956 1467
1816 2305
1956 1396
1397 1466
1467 1886
1885 1886
1466 1886
1396 908
1467 1397
1397 1955
1397 1467
1467 1467
1467 977
1397 1396
1397 1396
1467 978
1467 1466
1397 1396
1397 977
1397 1396
1467 8591
1397 1397
1886 1396
1467 1467
1466 2375
2794 1886
1886 1956
1955 1467
2375 2375
1886 2375
1956 2374
1886 1886
1397 1467
2305 1397
1467 1396
1467 908
1397 1397
1397 1396
1467 1466
1466 1397
1397 1467
1816 908
1467 1466
1466 1467
1396 1397
1815 978
1467 1467
1466 1467
1396 1397
1466 1397
1466 1467
1466 1467
1397 1397
1466 1397
1886 1467
1467 1467
1397 1397
1397 1397
1467 1397
1467 1466
1467 1466
1397 1397
1467 1397
1956 977
1467 978
1397 1396
1397 1397
1397 1397
1397 1466
1467 1466
1397 1396
1467 1397
1467 1466
1397 1466
1397 1397
1397 1467
1467 1466
1397 1396
1397 1397
1397 1466
1467 1467
1467 1397
1467 1397
1397 1466
1466 3353
1467 1397
1466 1397
1397 1467
1467 978
1886 1397
1886 1467
1956 1467
1467 978
1397 1397
1816 1467
1467 977
1467 1467
1397 1397
1397 1466
1397 1396
1886 1466
1397 1396
1397 1397
1397 1397
1466 1467
1467 1467
1397 1397
1397 1397
1467 978
1467 1467
1397 1397
1467 1397
1397 1467
1467 1397
1397 1396
1467 1466
1467 1397
1467 1466
1886 1397
1816 908
1397 1466
1467 1466
1466 1467
1397 1396
1397 1466
1467 1466
1466 1467
1885 1397
1397 1467
1397 1397
1466 1467
1397 978
1396 1397
1886 1466
1397 1466
1886 1397
1467 1327
1886 1397
1467 1467
1467 1397
1397 1397
1816 1397
1467 1466
1956 978
1397 1397
1397 1397
1397 1466
1467 1467
1396 3283
1467 1397
1885 1397
1886 978
1467 1397
1886 1467
1956 1397
1467 1467
1397 1397
1397 1397
1467 1397
1467 977
1886 1397
1886 977
1956 1397
1467 1467
1466 1467
1397 2375
2305 1397
1397 978
1467 978
1397 1396
1397 1397
1467 1397
1467 1466
1467 1466
1886 908
1467 1467
1397 1466
1886 978
1467 1397
1397 1466
1397 1466
1886 1397
1467 1467
1397 1397
1397 978
1396 1397
1466 1397
1466 1397
1397 1467
1466 1467
1397 1467
1466 1467
1396 1467
1467 1467
1956 1397
1397 1467
1397 1467
1467 1466
1886 1396
1816 978
1467 1886
1467 1466
1886 1397
1397 1397
1467 1397
1397 1467
1467 1397
1397 1466
1397 978
1397 1397
1467 1397
1467 1396
1467 3701
1397 1397
1466 1397
1466 978
1466 1397
2374 1397
1396 978
1467 1397
1816 1467
1396 908
1466 1467
1467 1397
1397 1397
1397 1467
1467 1467
1467 1466
1397 1397
1397 1467
1467 1397
1467 1397
1397 1397
1886 1397
1467 1396
1467 1397
1466 1397
1397 1397
1467 1397
1397 1467
1956 1396
1397 1397
1466 1397
1396 1397
1397 1467
1397 1467
1467 1397
1397 978
1467 1396
1886 2375
1397 1397
1956 1467
1467 1467
1885 1886
1397 908
1955 1886
1467 1397
1397 1397
1397 978
2445 978
2375 1397
2305 1467
1886 1466
1466 1467
2374 1397
1467 1397
978 1467
1956 2374
1397 1816
1886 1886
1397 1466
1397 1466
1397 2305
11455 1956
1886 1397
1397 1397
1467 3841
978 1467
1397 1467
1397 1466
2375 1467
1466 1467
1396 1397
1885 1397
1397 1467
1467 1467
1886 1397
1467 2374
1467 1466
1955 1397
908 1956
1466 1397
1467 1467
1886 2374
1397 978
1467 1466
1467 1886
1467 1397
1397 1886
2374 1886
1955 1886
2375 1397
1885 2375
1466 1397
1956 1467
1467 1955
1397 1397
2375 1466
1467 2375
1885 978
1885 908
1397 1397
1467 978
2375 1466
1886 1955
1467 1956
2374 1886
2374 2445
1397 1397
1467 1466
1886 2375
1467 1467
1886 1467
1466 1467
1886 1397
2374 1467
2445 2444
1397 1397
1886 1396
1397 1955
1467 1467
1956 1397
1886 1886
1397 978
2374 1467
1467 1955
1467 1816
1886 1396
1886 1956
1467 1467
1956 6076
1467 1466
1466 1467
1397 1397
1885 1886
1396 1467
1955 1397
2375 1886
1397 1397
1956 1466
1956 1886
1397 1467
1955 1397
1886 1467
1467 1467
1397 1397
1955 1886
1886 1466
1885 1397
1886 1397
1467 1467
1956 1467
1886 2304
1886 1397
2375 1886
1956 2374
1467 1396
1816 978
1467 2375
1467 1396
1955 1397
908 1397
1397 1467
1955 1397
1397 1397
1956 1397
1467 1466
1467 1397
1467 1396
1397 1396
1467 1467
1466 1467
1885 978
1885 1467
1466 1467
1956 1397
1397 1467
1467 1467
1886 1467
1467 1397
1397 908
1467 1466
1397 1466
1397 1397
1466 1397
1886 1396
2375 1885
1886 1397
2375 1397
1397 1397
1467 1467
1886 1466
1467 977
1467 907
1397 3841
1955 978
1397 1397
1467 1886
1466 1397
1467 1467
1397 1397
1956 1397
1467 1397
1467 1466
1886 977
1397 1467
1397 1397
2375 1466
1397 1397
1886 1466
1956 1467
2444 1467
1886 1397
1816 1397
1955 1397
1955 1467
1467 1466
1886 1397
1886 1886
1956 2444
1886 1397
1886 1885
1886 1885
1885 1886
1886 1885
1886 1885
1956 1467
1885 1886
1956 1397
1886 1467
1956 1886
1885 1397
1886 1956
1956 1955
1886 1397
2374 1467
1955 1467
1956 1885
1886 1397
1886 1886
2374 1956
1467 1885
1886 1397
2305 2374
2444 1467
2305 1397
1886 1955
1956 1956
1466 1397
1396 1397
1467 1466
1397 1396
1397 1466
1467 1467
1397 1397
1467 1396
1467 1466
1467 978
1956 3283
1466 1886
1397 1467
1467 1397
1467 1397
1467 1397
1397 1466
1467 1885
1816 977
1397 1397
1467 1466
1467 978
1397 1466
1397 977
1397 1466
1397 1397
1467 1886
1397 1467
2444 1397
1466 1397
1816 1396
1467 1466
1956 978
1466 1467
1816 1396
1397 978
1467 1397
1467 977
1467 1397
1886 978
1397 1397
1466 1467
1467 978
1467 1397
1466 1397
1466 1467
1397 1467
1397 978
1397 1467
1466 1467
1467 908
1467 1467
1397 1397
1467 1397
1467 1396
1397 1397
1467 1397
1397 1397
1467 1466
1467 1396
1397 978
1397 1466
1397 1466
1397 978
1397 1397
1467 1396
1467 1467
1467 1467
1397 1396
1467 1397
1886 1397
1397 1467
1467 1397
1397 978
1397 3772
1397 978
1467 1466
1467 1397
1467 1397
1467 1466
1397 1466
1467 1397
1397 978
1467 1466
1397 1397
1467 977
1397 978
1397 1466
1467 1397
1397 1397
1467 1397
1397 978
1467 1467
1396 1397
1397 1466
1467 1467
1466 978
1397 1397
1397 1397
1467 1397
1466 978
1467 978
1397 1397
1467 1397
1886 1396
1397 1467
1467 1397
1816 1467
1816 1397
1467 1397
1397 978
1467 1397
1886 1467
1467 1397
1956 1396
1397 1467
1886 1397
1397 1397
1467 1396
1397 1466
1467 1396
1397 1397
1956 1397
1467 1397
1467 1466
1397 977
1397 1466
1397 1397
1397 1466
1886 977
1397 1467
1466 1397
1397 1397
1467 978
1467 978
1466 1467
1885 1397
1397 1466
1886 3423
978 1397
1467 1397
1396 1467
1466 1397
1466 1397
1466 1467
1397 1397
1397 1397
1396 978
1397 978
1397 1956
1397 1467
1466 1467
1467 1467
1397 1397
1886 908
1467 1467
1467 1466
1397 1397
1397 1886
1467 1467
1467 1466
1886 1466
1397 1955
1397 1466
1956 978
1397 1397
1885 1397
1886 1955
1467 1467
2305 19067
1956 1397
1816 1397
1816 1397
1886 1397
1466 1397
1396 1816
1816 1885
1467 1396
1467 1886
1886 1397
1397 1397
1466 1397
1467 977
1467 1467
1886 1467
1886 1397
1886 1466
1467 1466
1467 1396
1886 1466
1467 1467
1396 1397
1397 1467
1397 1397
1466 1467
1467 1397
1396 1397
1466 1397
1466 1467
1467 1467
1397 1397
1466 1467
1397 3911
1397 1397
1397 1397
1886 978
1397 1397
1467 1397
1886 1397
1396 1397
1397 1467
29544 1466
1466 1467
1396 1467
1396 1467
1466 1467
1467 978
1397 1397
1397 1397
1466 1467
1467 1467
1467 1397
1467 1397
1397 1467
1467 1466
1397 1466
1467 1397
1397 1467
1467 1466
1886 1397
1886 1397
1467 1396
1467 1467
1466 1467
1397 1397
1397 1466
1397 1397
1397 1396
1397 1397
1397 1397
1397 1467
1467 978
1467 1397
1397 1397
1397 978
1467 1467
1397 1396
1467 908
1397 978
1397 978
1397 1397
1467 1466
1397 977
1397 1466
1885 1397
1886 1467
1396 1397
1466 1397
1467 2375
1886 1397
1397 978
1956 1956
2375 1397
2305 2374
1467 1397
1467 1467
1466 3283
1397 1397
1466 1397
1467 1467
1467 1397
1886 1397
1466 1467
1397 1397
1396 1467
1467 1467
1397 1467
1885 1397
1466 978
1467 1467
1467 1397
1467 1397
1467 978
1467 1466
1397 1466
1397 1397
1467 1397
1467 1466
1397 1396
1397 1397
1467 1466
1467 1467
1467 1397
1467 1397
1397 1466
1955 1397
1396 1467
1886 2375
1466 1467
1467 1467
1397 1397
1397 1467
1466 1467
1956 978
1397 2305
1397 1397
1886 1397
1397 1956
1886 1467
1816 1886
1885 1886
1397 1467
1467 1955
1956 2374
1467 1467
1955 1467
1886 1886
1467 1466
1886 1886
1467 1886
1886 1886
1956 978
1816 1886
1956 1396
1467 908
1466 1886
1885 1886
1467 1467
1956 1466
1886 1816
1397 7124
1886 1886
1467 1396
1397 908
1466 1397
1396 1467
1467 1467
1397 1467
1467 1397
1397 1397
1467 1397
1397 1466
1397 1397
1397 1397
1467 1397
1397 1466
1956 1397
1397 1396
1886 1467
1886 1397
1886 1467
1467 978
1397 1467
1885 1397
1885 978
1467 1467
1467 1467
1397 1397
1397 908
1397 978
1885 978
1397 1467
1397 1397
1815 1397
1466 1397
1467 1467
1466 1397
1397 1397
1397 1396
1467 1397
1886 1467
1467 908
1467 977
1397 1466
1467 1397
1397 1467
1397 1396
1397 1466
1467 1397
1885 1467
1397 1886
1885 978
1956 1397
1467 1885
1956 1396
1467 1956
1886 1397
1397 978
1467 978
1397 1467
1467 1397
1886 1397
1466 1467
1467 1467
1467 7124
1396 1397
1466 1397
1467 1397
1397 1467
1886 1397
1885 1397
1955 978
1466 1397
1886 1467
1816 908
1885 1467
1466 1397
1397 1397
1467 1397
1396 978
1466 1467
1886 1397
1886 1397
1397 1397
1467 1467
1886 1397
1397 1397
1397 1397
1467 978
1467 1466
1467 1397
1467 1397
1397 1467
1467 1466
1397 977
1397 1397
1397 1397
1467 978
1397 1397
1397 1466
1397 1466
1467 978
1396 1397
1397 1397
1397 1397
1467 1467
1467 977
1467 1816
1467 908
1397 978
1956 1397
1397 1816
1816 908
1467 1886
1467 1956
2375 1467
1397 1467
1397 1467
1886 978
1466 1397
1396 1467
1955 1467
1397 1397
1397 1467
1397 1397
1467 1466
1467 1396
1397 1397
1467 3282
1397 1467
1466 1467
1397 1466
1466 1467
1955 1397
1397 1397
1396 1397
1397 1397
1397 1466
1467 978
1397 1396
1397 1397
1467 1397
1397 978
1467 1466
1467 1396
1467 1397
1467 1466
1467 1467
1467 1397
1467 1466
1467 1467
1397 1397
1467 1467
1816 1466
1397 1467
1466 1397
1397 1397
1466 1886
1466 1886
1956 1467
1397 1397
1397 1467
1467 1467
1467 1396
1397 1397
1397 1397
1886 978
1467 1466
1467 1397
1397 908
1467 1467
1886 1467
1397 978
1397 1397
1885 908
1466 1467
1466 1397
1886 1467
1816 1397
1885 1467
1466 1467
1886 1397
1886 1397
1886 1467
1956 1467
1397 978
1397 1467
1397 2375
1467 1466
1886 1396
1816 1397
1397 1397
1467 3422
1396 908
1397 978
1466 1397
1397 1467
1466 1397
1396 1467
1467 1467
1466 1467
1956 1467
1397 1397
1466 1467
1466 1467
1397 1467
1397 1397
1397 1397
1396 1397
1466 1397
1397 1467
1467 1397
1397 1467
1466 1467
1397 1467
1397 1467
1397 1467
1467 978
1467 1396
1397 1467
1397 1397
1397 1467
1467 1466
1397 1396
1397 1466
1397 1397
1467 1466
1467 1397
1816 908
1397 1466
1467 1466
1396 1467
1397 1396
1397 1466
1467 1397
1466 1397
1396 1397
1397 1397
1467 1397
1466 1886
1467 1397
1397 1397
1467 1396
1397 1466
1466 1397
1397 1327
1397 1467
1467 1397
1397 1466
1886 1466
1886 1467
1467 1467
1956 1886
2374 1467
2375 1886
1397 1956
1467 3352
1467 1466
1886 1467
1467 977
1397 1397
1397 907
1397 907
1397 977
1466 1397
1397 1397
1467 978
1397 1467
1466 1467
1466 1397
1467 1467
1396 1467
1467 1467
1397 1397
1396 978
1886 1397
1886 1397
1397 1467
1886 1397
1397 1397
1397 1467
1467 1466
1467 1466
1397 1396
1467 1466
1467 1467
1885 1397
1397 1397
1467 1466
1467 1467
1396 1397
1466 1397
1467 1467
1466 1467
1886 1467
1885 1467
1885 1397
1885 1467
1956 1397
1397 1467
1956 1467
1956 978
1397 1396
1886 1397
1886 1467
1886 1466
1397 1397
1886 1396
1397 1397
1467 1397
1467 1467
1886 1397
1397 1397
1396 978
1466 1467
1397 1467
1467 1397
1466 1467
1396 1397
1467 1397
1397 3841
1886 1397
1886 1466
1467 1397
1397 978
1397 908
1397 1467
1466 1397
1397 1397
1467 1397
1467 1467
1467 978
1396 908
1467 908
1397 978
1466 1467
1397 1397
1466 1397
1466 978
1466 1467
1467 1467
1886 1397
1466 1397
1467 1467
1467 1466
1886 1397
1886 1467
1816 1397
1397 1467
1467 1467
1397 1397
1466 1397
1466 978
1467 1467
1467 1397
1397 1467
1467 1467
1886 1396
1467 978
1397 1467
1397 1467
1467 907
1397 977
1467 1396
1886 1397
1467 1397
1816 1397
1886 1466
1467 1396
1467 1467
1396 1397
1886 1396
1956 1467
1886 978
1466 1397
1885 1397
1886 1467
1885 978
1467 1397
1397 978
1397 1397
1886 1467
1467 978
1397 1397
2305 3352
1397 1886
2863 2375
1467 2374
1397 1397
1467 1467
2374 1397
1955 2375
2374 2375
2445 908
1466 2375
2375 1397
2445 1467
2374 1467
2375 1397
2375 1467
1396 978
1397 1396
1467 1397
1467 1397
1466 1467
1397 1397
1467 978
1466 1467
978 1397
1886 1397
1885 908
1396 1397
1885 1397
1396 1467
2305 1397
1397 1466
1886 978
1955 978
1466 1397
1955 1397
1466 1467
1397 1467
1467 1397
1396 1467
1466 1467
1397 1397
1467 1467
1397 978
1466 978
1467 1397
1397 1467
1467 1397
1397 1886
1467 1397
1397 1397
1397 1467
1397 1397
2444 1397
1885 1397
1397 1396
1397 1467
1466 1467
1886 1467
1397 1467
1886 1397
1467 1397
1397 978
1397 1396
1886 3282
1955 1397
1466 1467
1886 1397
1885 1397
2444 1467
1467 908
1397 1467
1397 1467
1886 978
1397 1396
1956 977
1816 1467
1397 1466
1397 1397
1467 1396
1956 1396
1397 1396
2444 1397
1397 908
1885 1397
1397 1467
1467 1397
1397 1397
1396 1467
1466 1397
1467 1397
1886 1397
1397 1467
1397 1467
1467 1466
2375 1397
1397 1397
1886 1397
1467 978
1467 1466
1467 1397
1397 1397
1397 1466
1467 1467
1397 1467
1397 908
1397 1467
1467 1397
2374 1467
1886 2794
1397 1886
1397 1467
1466 1467
1886 1397
1886 1467
2375 1467
1467 977
1397 1396
1397 1397
978 1467
1886 1956
1955 1886
1955 1886
1467 1397
1956 1467
1397 1886
2305 1397
1886 1467
1466 5657
1397 2375
1956 1466
1467 1467
1885 1467
1397 1397
2374 1467
1886 1466
1886 1397
1886 1466
1466 1467
1816 1397
2375 2863
1956 1956
1885 2375
1467 1467
1397 1467
1467 978
1466 1397
1886 1467
1816 1397
1397 1467
1397 978
1816 1467
1466 978
2445 1397
1467 1466
1397 1397
1397 1467
1885 1467
1466 908
1396 1327
1467 1466
1397 1396
1467 978
2374 1397
1397 1397
1886 978
1467 978
1397 1397
1397 1397
1396 978
1466 1467
1397 1397
1467 1397
1467 978
1467 1467
1886 1397
2375 1466
1397 1466
1397 1466
1397 1397
1397 1466
1467 1396
1397 1466
1467 1467
1467 978
1467 1466
2375 1467
1396 978
1396 1397
1886 1397
1956 1397
1956 1467
1397 3213
1397 1466
1397 1396
1467 1396
1467 1397
1397 1397
1397 908
1467 1467
1397 1397
1466 1397
2374 1397
1397 978
1397 1397
1397 1467
1397 1467
1466 1467
1397 1397
1956 1397
1467 1397
1397 1467
1467 1466
2375 1397
1397 1397
1955 1467
1467 1397
1397 1397
1955 1467
1466 978
1467 1467
1397 1397
1396 1956
2375 1467
1397 1466
1467 1396
1397 1467
1467 1397
1466 1397
1467 1467
1397 1397
1397 1397
1467 978
1397 1466
1397 1466
1397 1467
1467 1467
1467 1397
1886 1397
1397 1397
1397 1467
1467 977
1397 1397
1397 1466
1397 1397
1467 1466
1467 1397
1397 1396
1397 977
1467 1467
1396 1397
1466 1397
1397 1467
1467 1397
1466 1397
1397 1397
1397 3842
2375 1466
1886 1886
1397 1396
1397 1466
1397 1397
1397 1466
1397 1397
1467 1397
1397 1467
1467 1397
1397 1397
1397 1397
1886 978
1467 1467
1397 1397
1397 1397
1397 1397
1467 1397
1467 977
1397 1885
1956 1885
1467 1956
1467 978
1955 978
1397 1397
1467 1467
1467 1397
1397 978
1467 1397
1467 1467
1467 1396
1397 1397
1467 1466
1467 1466
1956 1467
1816 1396
1467 908
1397 1397
1397 1467
1467 978
1886 1467
1396 1397
1466 1467
1467 1397
1886 1397
1397 1397
1467 1467
1467 1397
1886 978
1816 1397
1886 1467
1467 977
1397 978
1397 1397
1397 978
1467 1466
1467 1396
1467 1396
1397 977
1467 1467
1397 1467
1467 1396
1886 1466
1467 3423
1467 1397
1396 1467
1466 1467
1467 1397
1397 1397
1886 908
1396 1397
1397 1467
1466 1467
1397 1397
1397 977
1467 1397
1467 977
1467 1466
1397 1396
1886 1466
1467 1466
1397 1397
1467 908
1397 1396
1397 977
1466 1397
1397 1467
1886 1397
1886 1467
1466 1467
1885 1397
1466 1397
1466 1467
1955 1467
1397 1397
1466 1397
1396 1467
1466 1467
1886 1397
1885 1397
1466 1397
1466 1467
1467 1397
1397 908
1396 978
1397 1467
1467 1397
1397 1397
1397 1467
1466 1397
1466 1467
1466 1397
1886 1397
1397 1397
1396 1467
1467 1467
1397 1467
1397 1397
1885 1467
1467 1467
1397 1397
1886 1397
1467 1467
1467 1466
1886 1397
1886 1466
1467 1467
2445 3842
1955 1397
1466 1397
1397 1467
1886 1396
1886 1397
1397 1467
1886 1466
1467 1467
1397 977
1467 1397
1467 1396
1467 1467
1397 1397
1397 1466
1397 1397
1467 1467
1467 1397
1397 1397
1466 1397
1396 1397
1467 1467
1467 978
1467 2375
1397 1467
1467 1396
1886 1396
1397 907
1467 1466
1467 978
1397 1397
1955 1397
1397 1466
1467 1956
1396 1397
1885 1816
2374 1956
1956 2374
2794 1955
2445 1886
1955 1956
2375 1396
1397 1886
1886 1956
1886 1886
1816 1816
1886 1955
1886 1955
2374 1886
2235 1886
1397 1397
1467 978
1466 1397
1396 1397
1397 1397
1467 1467
1955 1886
1956 1886
2375 1955
1956 1397
2374 2375
1886 1886
2374 1955
2445 1886
2375 4331
2374 1886
1956 1466
2375 1885
2375 1955
1886 1956
2444 1886
2375 2305
1886 1955
1886 1955
1956 1886
2305 1886
1816 1467
2375 1956
1885 1886
2305 1816
1886 1886
1955 1956
1956 1955
1886 1885
1886 1955
2445 1956
1885 1956
2305 1956
2375 1467
1956 1816
2375 1886
2375 1886
1955 2374
2305 1885
1956 1816
1886 1886
1955 1886
2375 1955
1886 1885
1886 978
1466 1886
1816 1396
1956 1397
1466 1956
1886 1886
1886 2375
2375 1885
2375 1886
2374 1886
2305 1886
1885 1956
2445 1955
1956 2375
2375 1885
1886 1956
2444 2375
1956 1886
2375 1885
1956 1886
2374 2375
2305 2375
1886 1886
2445 1886
1886 1885
2305 1886
1886 1956
1956 1886
2375 1955
1886 3841
1886 1955
2375 1816
2445 1885
1886 1956
1956 1886
1955 1816
1956 1886
1955 1886
2304 1886
2375 1886
2375 1886
2374 1816
1886 1886
2304 1956
2375 2374
2445 1886
2375 1816
1956 908
1956 1955
1816 1886
1956 1885
1956 1886
2444 1816
1955 2375
2374 1886
2375 1955
1886 1886
2375 2305
2794 1886
1955 1886
2305 1397
2375 1886
1886 1955
1956 1886
1886 1886
2444 1886
1955 2374
2375 1885
2305 1885
2375 1886
1467 2444
1466 1397
2375 1396
1886 1397
1886 2375
1886 1956
1886 1886
1886 1956
1886 1886
1816 2374
2375 1955
1955 1886
1885 1956
2305 1886
2444 1886
2375 2375
1886 2375
1466 1886
2445 1885
1886 1886
1886 1886
1886 1956
2375 1886
1816 3283
1886 1956
1886 1885
1886 1886
1956 2375
2375 1956
1956 1885
2305 1885
1886 1955
1886 1886
1955 1886
1886 1956
2375 1955
1956 2375
1885 2375
2304 1956
1956 1955
1886 1885
1956 1816
1886 1956
2445 1885
1956 1885
27658 1886
1956 1886
1816 1886
2375 1886
2444 1956
1816 1816
2375 1886
2444 1886
1886 1956
1886 1886
1956 1886
1886 2375
1886 1886
978 1956
1886 1956
1956 1886
1955 1886
1885 1886
1956 1955
1886 1885
1956 2304
2375 1956
1955 2375
1886 1886
2375 1955
1886 2444
2374 1886
2305 1886
1885 1467
1955 1955
1886 1955
1816 1885
1886 2375
1956 1955
1886 1816
2305 1955
1956 2445
1885 1886
2304 1886
1885 1886
2374 1886
2375 1886
10337 3841
1886 1886
2374 1886
2375 1886
1956 1955
1886 1886
1956 1886
1956 1886
1885 1956
1886 1886
1956 1886
1886 1885
2444 1886
1886 1886
2305 2375
2374 1956
2375 1885
2375 1955
2305 2375
1885 1956
2375 2305
2374 1956
2375 1955
1955 1886
2304 1886
1885 2375
2374 2375
2375 1886
1816 1956
1886 1886
1956 1956
2374 1956
2374 2375
2374 1956
2445 1885
1956 1886
1886 1886
1955 1956
1886 1886
1956 1816
1886 1956
1886 1955
2375 1816
2445 2375
1955 1956
1956 1885
1816 1885
1956 1397
2444 1956
1886 1886
1886 2444
2375 2445
2374 1886
1955 1886
2374 2375
1885 1956
1886 1886
1886 1886
2375 1956
2375 1886
2375 1886
2375 1886
1886 1886
1886 1956
1886 3841
1397 1466
1956 1955
1955 1397
1886 1397
1396 1816
1467 1467
1955 1956
1885 1397
1466 908
1955 1467
1956 1467
1397 978
1956 978
1886 1467
1467 1397
1886 1397
1397 1467
1886 1467
1956 1955
2375 1955
2305 1886
1956 1396
1956 1956
1956 1886
1397 1396
1467 1397
1886 1397
1397 1396
1397 1467
1397 1397
1467 1466
1467 1467
1885 1397
1466 1397
1886 1397
1956 1466
1886 1467
1467 1467
1816 1466
1467 1397
1955 1467
1396 1397
1955 1397
1397 1397
1955 1397
1397 1397
1886 1467
1466 1397
1955 1467
1885 1397
1886 1397
1886 1397
1956 1397
1955 1397
1396 1397
1397 1396
1956 1397
1467 1956
1466 1397
1886 1886
1886 1396
1467 1466
1467 1886
2305 2374
2375 1886
1886 2375
2374 1397
2375 1886
1956 1886
2445 1886
1397 1956
2374 1467
1466 1467
1467 1467
1886 1467
1397 1397
1885 1467
1956 1955
2305 1397
1467 1467
1397 1467
1956 1397
1886 1885
1886 1466
1886 978
1886 1466
1956 1397
1397 1397
1956 1466
1467 1467
1956 1467
1397 1396
1467 1467
2375 1886
2375 2374
1956 1396
1886 1397
1956 1467
1956 1466
1886 1885
1886 1396
1886 1466
1956 1467
1886 1397
1886 1397
1397 1466
1467 978
1467 1397
1886 1955
1886 1886
1956 1886
1955 1397
1397 1397
1396 1397
1467 1467
1467 1467
1397 1397
1466 1397
1396 1467
1467 1467
1956 1397
1885 1467
1397 1467
1467 1467
1397 1467
1397 978
1466 1397
1466 4330
1467 1397
1397 1397
1886 1467
1467 1466
1467 1466
1886 1885
1886 1467
2375 1955
2374 1397
1396 1397
1466 1467
1466 1467
1886 1397
1467 1397
1886 1397
1467 1396
1886 1466
1886 1466
1397 1397
1467 1466
1397 1397
1397 1466
1886 1466
1886 1467
1397 978
1886 1397
1955 1397
1955 1467
1886 1467
1397 1397
1955 1397
1956 1885
1956 1396
1397 1397
1397 1467
1397 1397
1467 1397
1886 978
1886 1467
1886 1397
1956 1397
1467 1396
1467 1396
1886 1397
1467 977
1467 1397
1397 1397
1397 16832
1396 978
2304 1397
1397 1396
2375 1466
1467 1396
1397 1397
1396 1467
1466 1467
1886 1466
2375 1397
1467 1467
1956 1396
1816 1467
1886 1816
1956 10546
1816 3353
1886 1396
1467 1466
1467 2374
2864 1886
2375 2375
2444 2374
2305 2375
2375 1397
2444 1467
1467 2374
2375 1397
1467 1397
1467 1956
1397 1397
1955 1467
978 978
1956 977
1816 1397
1467 1466
1467 1467
1467 1466
1397 1815
1816 1397
1467 1397
1467 1397
1397 1886
1886 1396
1397 1467
1956 1467
1956 1467
1886 1397
1886 1885
1886 1397
1886 1467
1955 1467
1955 2375
1885 1397
1466 1467
1886 2794
2375 1816
1886 1886
1467 1466
1886 1396
1467 1396
1467 1397
1956 1467
1955 1886
1467 978
1467 1886
1955 1955
1816 1397
1467 1397
1397 1467
1956 1466
1886 2374
1397 1466
1467 1396
1956 1466
1467 1467
1886 1396
1397 1467
1397 1467
1467 1396
1816 4191
2375 1466
1467 1467
1886 1467
1466 908
1815 1886
1955 1956
1397 1466
1467 1396
1886 1397
1886 1397
1397 1397
1886 1467
1467 2375
1397 1467
2375 1397
1467 1467
1467 1467
1885 2375
1467 1397
1886 1467
1467 1397
1816 1467
1467 1397
1886 1466
1467 1467
1397 1396
1886 978
1956 1467
1467 1886
2305 1397
1397 1467
1397 1467
1955 1397
1466 1467
1397 1397
1885 1956
1955 1397
1397 1397
1886 1397
1467 1467
1467 1466
1397 1885
1467 1397
1397 1467
1886 1466
1886 1397
1397 1956
1466 1886
1467 1885
2375 1886
2305 1886
2445 1886
1397 1397
1397 1467
1396 2375
1956 1467
1886 2235
1397 1467
1886 977
1467 1467
1816 1396
1467 1467
1816 1397
1467 3841
1397 1396
1467 1467
1397 1397
1467 1397
1467 1885
1397 1467
1886 1466
1467 1466
1467 908
1467 1816
1397 1396
1467 978
1396 1397
1466 1467
1466 1397
1466 1467
1397 1397
1885 1397
1816 1397
1397 1467
1467 1397
1816 1467
1467 1397
1467 1397
1467 1467
1816 1397
1397 1466
1397 1467
1467 1397
1396 1397
1886 1396
1397 1396
1397 1397
1397 1467
1397 1397
1956 1397
1397 1466
1467 977
1397 1396
1467 1466
1397 1466
1466 1467
1955 1397
1467 1397
1467 1467
1467 1397
1886 1886
1397 978
2445 1467
1886 1466
1886 1466
1467 1466
1397 1466
1397 1886
1397 1396
23467 1816
1466 1886
1467 2444
1397 1396
1397 1397
1467 1886
1397 1885
1467 2374
1397 5657
2374 1467
1397 1397
1886 978
1397 1886
1467 1467
1467 1466
2375 1397
1397 978
1886 1397
1467 1397
1397 1467
1466 1397
1397 978
1466 1397
1397 978
1885 978
1885 1397
1955 1467
1467 1397
1397 2375
2375 2863
1956 1397
1886 1467
1466 1886
1886 1467
978 1396
1397 1397
1467 1466
1467 1466
1467 1397
1886 1397
1397 1397
1397 1467
1397 1466
1467 1466
1397 1396
1467 1466
13480 1467
1816 1467
1886 1955
1885 1467
1886 1467
1886 1467
1467 1886
1467 1397
1886 1397
1886 1397
1955 1467
1467 1467
1467 1397
1467 1397
1467 1467
1467 1466
1397 1396
1397 978
1956 1955
1467 978
1396 978
1956 1397
1467 1397
1466 1467
1397 1397
1397 1467
1397 3283
1466 1467
1397 1467
1397 977
1397 1396
1467 1466
1467 978
1397 1467
1397 1397
1467 978
1466 978
1397 1397
1397 1816
1467 1467
1466 1467
1397 908
1467 978
1466 978
1467 1467
1467 1397
1467 1397
1397 1467
1467 978
1397 1397
1397 1397
1467 1397
1467 1467
1467 1396
1397 1397
1467 977
1467 1466
1467 1467
1397 1396
1467 1467
1397 1397
1397 1397
1467 1467
1885 1467
1885 908
1466 1467
1467 1397
1886 1397
1816 1397
1466 1467
1467 1467
1397 1467
1397 1397
1397 1467
1467 978
1886 1397
1816 1397
1886 1467
1467 1466
1467 1396
1467 907
1397 977
1467 1467
1397 1467
1467 1396
1397 1466
1467 1467
1396 1397
1397 1396
1956 1397
1467 3842
1397 1397
1816 1397
1397 978
1396 978
1397 1397
1396 1397
1886 1397
1467 1466
1466 1397
1885 1467
1815 1397
1466 1467
1955 1467
1397 1397
1397 1397
1885 1467
1466 978
1397 1397
1467 1816
1467 978
1467 1955
1467 1396
1467 977
1397 1466
1397 1466
1397 1816
1397 1956
1397 908
1467 1467
1467 2375
1396 1397
1467 1397
1467 1467
2445 1397
1397 978
1467 1397
978 1466
1886 1397
1397 1397
1467 1397
1397 1956
1467 1397
1397 1466
1397 1397
1397 1467
1467 1397
1886 1397
1886 1397
1397 1466
1467 1467
1397 1397
1467 908
1886 978
1467 1467
1885 1397
1466 1397
1397 1397
1397 1467
1397 1886
2305 978
1467 1397
1397 1467
1397 1885
1467 3701
1467 1467
1955 1467
1467 978
1466 1327
1397 1466
1397 1467
1467 1467
1886 1397
1396 1467
1397 1397
1466 1397
1396 1397
1397 1397
1397 1467
1886 977
1467 1397
1467 1397
1397 1466
1397 978
1396 1397
1466 1467
1397 1467
1467 1467
1466 1397
1466 1397
1396 1397
1466 1397
1467 1397
1886 1397
1467 1397
1397 1886
1467 1397
1886 1397
1886 1467
1886 1397
1886 1466
1467 1397
1397 1397
1467 1397
1956 1397
1886 1397
1397 1397
1397 1397
1467 1467
1467 1467
1397 1397
1397 978
1885 1397
1397 1467
1467 1397
1397 1467
1397 1397
1467 978
1467 1397
1467 1397
1397 1397
1467 1955
1886 1397
1956 1886
1467 1466
1467 1467
1885 1467
1885 978
1396 7194
1466 1467
1885 1397
1466 1397
1396 1467
1467 1397
2375 1397
1397 1467
1397 1467
1956 1397
1467 1885
1467 1397
1397 1467
1397 1467
1467 1397
1397 978
1397 1886
978 978
1467 1397
1816 1397
1397 1467
1467 1467
1886 1396
1467 1396
1397 1467
1397 1466
1397 1397
1886 978
1397 1466
1467 1467
1396 1467
1886 1467
1467 908
1397 908
1466 1397
1396 908
1466 1467
1396 1397
1467 1397
1397 1397
1886 1467
1467 1467
1397 1816
1886 908
1397 1397
1956 1466
1467 1397
1397 1397
1397 1397
1467 1397
1886 1466
1467 1397
1467 908
1886 1467
1397 1467
1397 1956
1886 1397
1886 1467
1886 1955
1886 1396
1886 1885
1886 1956
1397 1397
1467 1886
2375 4400
1956 1886
1397 1467
1956 1397
1956 1467
1816 1886
1466 1467
1956 1886
2863 1397
1885 1397
1467 1467
1956 1466
1956 1396
1397 1885
1816 1396
1955 978
1467 1397
1327 1467
1886 1397
1467 1466
1467 1396
1397 1466
1886 1396
1467 1467
1397 1397
1467 1397
1397 1397
1467 1397
1397 908
1955 1956
1886 1397
1397 1467
1467 1397
1886 1466
1397 1885
1467 1467
1885 1397
1467 1397
1397 1467
1466 1467
1397 1397
1396 1397
1466 1397
1466 1467
1956 1397
1886 1397
1396 1467
1397 1467
1466 1397
1397 1397
1397 1886
1886 1397
1886 1886
2375 1467
1467 1397
1397 1397
1467 1397
2375 1466
1886 1397
1886 1886
1467 1886
2305 1956
2374 2375
2445 1956
1885 6146
1886 1886
2444 1886
2375 1397
2305 978
1397 1397
1467 1397
1886 1397
1397 1397
1467 1396
1467 1397
1397 1397
1816 1396
1397 1466
1397 1466
1397 1396
1397 1397
1467 1397
1397 978
1397 1397
1397 1466
1397 1397
1397 1467
1467 1466
1397 1396
1397 1397
1886 1466
1956 1467
1886 1397
1956 1397
1467 1466
1467 1467
1396 1397
1397 978
1397 978
1397 1467
1467 1397
2304 1467
1466 1397
1466 978
1467 1397
1397 978
1466 1467
1886 1467
1467 1466
1397 1397
1397 1467
10616 1467
1396 1397
1397 1396
2305 1886
1467 1397
1885 978
1885 1397
1886 1467
1955 1397
1397 1397
1397 908
1886 978
1956 10476
1397 1397
1956 1466
1467 1467
1396 1397
1397 4261
1467 1467
1467 1955
1886 1396
1467 1886
2444 1955
1886 1886
1886 1397
1886 1955
1955 1886
1886 1886
1397 1397
1467 1467
1467 907
1397 1397
1886 1397
1397 1467
1466 1467
1397 1467
10825 1467
1466 1467
978 25772
1397 1397
1467 1397
1467 1397
1467 1467
1466 1397
1397 1397
1397 908
1396 1467
1467 1397
1466 1467
1466 1467
1466 1467
1397 1467
1816 908
1467 1816
1467 1397
1467 977
1886 1397
1467 12991
1886 2305
1886 1466
1397 1396
1467 1886
2375 1816
1886 1886
1955 2445
1956 1955
2375 1886
1885 1956
1467 1886
1467 1886
1467 1396
1467 1467
1466 1467
1397 1467
2304 1397
1466 1397
1397 1397
1886 1397
1397 1397
1467 1467
1467 1466
1397 3771
1467 1396
1467 1467
1396 978
1397 1397
1886 1467
1397 978
1466 908
1466 1397
978 1397
1397 1466
1886 1467
1467 1397
1397 1397
1397 1397
1467 1397
1467 977
1467 1396
1397 1467
1467 1397
1467 1466
1816 1466
1397 1466
1467 1396
978 1397
1467 978
1886 1397
1467 978
1466 1397
1885 1397
1885 1397
1466 1467
1955 978
1397 978
1397 1397
1886 1467
1467 1467
1397 1886
1886 1397
1397 1467
1467 1466
1467 1466
1397 1397
1467 978
1956 1956
1466 1397
1397 1396
1467 1467
1886 1955
2445 1956
1956 1816
1816 1886
2375 1955
1956 1397
1956 1886
2375 1886
1955 1467
1467 1467
1956 1816
1886 1467
1956 1466
1886 1396
1467 1396
1467 977
1467 14249
1467 1397
1397 1466
1397 1397
1467 1396
1886 1466
1467 1397
1467 1467
1397 1467
1397 908
1467 1397
1466 978
1467 1397
1886 1397
1467 1397
1397 978
1466 1467
1886 1327
1397 1467
1467 1467
1886 1466
1397 1466
1397 1397
1467 1466
1467 1467
1397 1397
1886 1397
1467 1466
1467 1467
1397 1397
1466 1397
1466 1467
1466 1467
1467 1397
1466 1397
1397 1467
1467 1467
1886 1397
1467 1397
1397 1467
1467 1467
1397 908
1397 1397
1467 1397
1467 1466
1467 1467
1886 1397
1397 1467
1397 1397
1397 1397
1397 1467
1397 1397
1886 1467
1466 978
1466 1397
1466 978
1396 978
1885 1467
1397 1397
1467 1397
1397 1467
1467 1467
1397 1396
1467 1466
1397 2863
1467 908
1466 1886
1397 1397
1397 1886
1955 1956
1467 1397
1397 1397
1466 1397
1397 1467
1467 1397
1886 1397
1467 1467
1956 1467
1397 977
1397 1885
1886 1397
1886 1397
1467 1397
1886 1397
1396 1397
1467 1397
1397 1467
1396 1467
1467 1397
1466 1397
1396 1467
1467 1397
1397 1467
1886 1467
1397 1397
1467 1397
1467 1467
1886 1397
1467 978
1467 1886
1397 1397
1467 1397
1956 1466
1467 978
1885 1397
1467 908
1397 978
1955 978
1397 1397
1466 1397
1397 1467
1467 1467
1886 1397
1397 978
1467 1397
1467 1466
1886 1396
1816 1397
1467 1397
1397 1467
1467 1397
1886 1466
1397 1397
1397 1467
1467 1397
1886 1397
1397 1397
1397 978
1467 2864
1396 1467
1955 1397
1397 1397
1885 1467
1467 908
1397 1467
1467 1467
1955 1467
1885 1397
1466 1397
1955 978
1467 1467
1397 1397
1397 1467
1466 1467
1467 2444
1397 1467
1397 1397
1467 1396
1467 978
1955 1397
1397 1397
1467 1467
1467 1466
2375 1396
1397 1397
2375 1466
2444 1467
2375 1397
2794 1397
2375 2444
2374 1397
2375 1397
1467 1467
1467 1466
1397 1396
1956 1396
1886 1467
1466 1397
1885 1886
1886 2375
1397 977
1956 2374
1886 1396
1956 1397
1956 2375
1467 1397
1885 1397
1466 1397
1467 1467
1886 1397
1397 1397
978 1467
2375 1397
1467 1885
1816 1397
1886 1397
1956 2444
1467 1397
1397 1467
1397 1397
1955 1467
1467 1467
1467 3772
1467 1397
1467 1466
1467 1885
1467 1397
1397 1396
1467 1467
1466 1397
1397 1467
1466 1397
1466 1467
1956 1397
1397 1397
1885 1397
1467 1467
1397 1396
1886 1397
1956 1397
1467 977
1956 1466
1397 1397
1397 1886
1886 1467
2445 1885
1397 1397
1886 1467
1886 1956
1467 1466
1886 1466
1397 1396
1886 977
1955 1397
1396 1956
1397 1467
1955 1467
1467 2374
1397 1466
2794 1397
1467 1956
1397 1816
1466 1467
1816 2375
1467 1466
1886 1397
1467 2374
1397 1467
2444 1397
1886 1886
1397 1467
1467 978
1467 1886
1816 1396
1886 1955
1467 1956
1467 1397
1886 1397
1397 1886
1397 1467
1886 1466
1467 1816
1397 1396
1467 1467
1466 1956
1956 1397
1886 5308
1886 1467
1397 1467
1397 978
1955 2375
1467 1396
2375 1886
2305 2374
1467 1467
2863 1397
2304 2375
1886 978
2445 1466
1397 1397
1397 1467
2375 1466
1467 978
1886 1397
1955 1397
1466 1886
1467 1396
2305 1396
1467 1467
1886 1467
2375 1467
2375 2305
1397 1397
2375 1466
1956 1467
1396 1467
1816 908
2374 2444
1467 1466
1886 1466
1397 1886
1956 1397
1885 1397
1466 1886
1816 1397
2375 1955
1886 1397
1397 1467
1397 1397
1467 1466
1467 1466
1886 1397
1467 1396
1467 1466
2374 1397
1397 1397
1467 1397
1955 1467
1886 1397
1816 1397
1885 2375
1955 1467
1466 1397
1885 1397
1467 1396
1467 1467
2444 1467
1886 1467
1397 1467
2445 1467
1467 3772
978 1816
1396 978
1467 1466
1467 1886
1886 1397
1467 977
1467 1956
1396 1397
1466 908
1396 1886
1467 1396
1886 1397
1467 2374
1397 1467
1397 1467
1396 1886
1466 1397
1467 977
1397 1396
1886 1397
1886 1467
1397 1467
2375 1466
1397 2305
1467 1467
1397 978
1397 1466
2793 1886
1886 1467
1467 1467
1467 1397
2375 1466
1467 1467
1886 1397
1886 1467
1816 908
1467 1955
1397 1886
1886 1467
1397 1467
1397 1467
1886 1397
1396 1467
1885 1467
1955 1467
1467 1397
1397 1397
1466 1467
1466 1467
1956 1467
1816 1397
1955 1467
1886 1467
1886 1955
1397 1397
1886 1397
1397 1397
1466 1397
1397 1467
1956 1397
1397 978
1467 1467
1397 1466
1397 2863
1397 1396
1397 1466
1397 1397
1467 1467
1397 1397
1397 1886
1397 1886
1397 1467
1397 1467
1886 1396
1886 1397
1467 1396
1886 1467
1467 978
1397 1397
1886 1466
1886 1466
1467 1467
1886 1397
1397 1466
1956 1886
1466 1467
1467 1397
1885 1397
1397 1467
1467 1466
1886 1886
1816 1886
1955 1467
1886 1816
1956 1955
1886 1955
1466 1886
1397 1397
3283 1396
2864 1467
2375 1886
1886 1955
2374 1956
2375 1885
1816 1955
1467 1467
1956 1886
1886 1397
1467 1886
1956 1886
2375 2305
1886 1886
2305 2444
1886 1886
1885 2305
1885 1886
2374 1467
2375 1397
1886 1886
2375 1956
2375 1396
1956 2305
1886 1956
1956 1466
1397 1466
1886 1397
1397 1955
1467 6147
1397 1467
1467 1397
1467 1955
1816 1397
1397 1467
2374 1467
1467 1396
1886 1397
1397 1467
1886 1466
1397 1467
1886 1397
1397 1397
1467 1397
1467 1466
1886 1397
1397 1397
1397 1397
1467 1397
1956 1397
1397 1397
1397 1397
1956 1467
1467 1397
1397 1397
1397 1885
1466 1467
2375 1885
1816 1396
1886 1956
1397 1467
1886 1466
1397 1467
1466 1397
1886 1467
1816 1397
1955 978
1467 978
1885 1397
1466 1397
1466 1467
1467 1397
1397 1397
1467 1885
1397 1397
1397 1396
1397 1397
1467 1467
1467 977
1397 1467
1397 1396
1467 977
1467 1397
1397 1886
1396 1397
1467 1397
1466 1467
1886 1397
1466 1397
1466 1397
1396 1467
1886 1467
1397 1467
1397 8661
1886 1397
1397 1467
1886 1467
10407 1397
1467 978
1396 1467
1397 10337
1467 978
1467 1466
1886 1397
908 1397
1956 1397
1886 1467
1886 1397
1816 1397
1396 1397
1466 1467
1466 1467
1467 1397
1886 1397
1466 1397
1467 1467
1467 1397
1467 1397
1467 1886
1467 1466
978 1396
1397 1396
1816 1397
1886 1466
1467 1397
1956 1466
1397 1466
1467 978
1397 1397
1397 977
1886 1466
1467 1467
1466 1397
1397 977
1397 1467
1466 1467
1397 1397
1397 1467
1397 1397
1956 1397
1886 1397
1397 1397
1956 1397
1886 1466
1886 977
1886 1397
1467 1396
1886 1396
1467 1397
1397 1467
1397 1397
1886 1467
1955 1397
1396 1397
1396 1397
1397 1467
1397 1467
1886 3283
1467 1397
1886 1397
1467 1467
1397 977
1397 977
1886 1396
1467 1467
1466 1397
1397 1397
1466 1886
977 1467
1956 1397
1815 2375
1885 1397
1466 1397
1885 1397
1885 1397
1467 977
1397 978
1397 1467
1466 1397
1466 1397
1397 1886
1466 908
1397 1467
1816 1467
1466 1397
1467 1397
1467 1397
1397 1397
1467 1467
1467 1397
1397 1397
1397 978
1397 908
1467 1466
1467 1397
1397 1466
1886 1396
1467 1467
1396 1397
1397 1396
1466 1397
1466 1467
1955 1467
1396 1397
1466 1397
1466 1467
1467 978
1886 1397
1397 1397
1397 1397
1885 1467
1467 1467
1397 1397
1466 1886
1466 1467
1956 1397
1467 1397
1467 1886
1467 1466
1397 1396
1467 1397
1467 3352
1466 1467
1466 1397
1396 1467
1397 1397
1466 1467
1467 1397
1816 1397
1886 1397
1466 1467
1956 1467
1886 1397
1467 1397
1467 1397
1467 1397
1886 1396
1886 1397
1467 1466
1467 1397
1397 1397
1467 1397
1886 1397
1467 1396
1816 1396
1397 1467
1397 1467
1397 978
1467 1397
1467 978
1397 1397
1397 1467
1886 1396
1467 1955
1397 978
1467 977
1467 1397
1467 1397
1397 1886
1467 1397
1466 1397
1815 1467
1466 1397
1397 1397
1466 1397
1397 1397
1396 1467
1396 1397
1397 1467
1467 1886
1397 1886
1467 1397
1467 1396
1886 1466
1886 1886
1956 1397
1886 1467
1397 978
1467 1397
1885 1397
1467 1467
1466 978
1397 1467
1396 1397
1466 1467
1467 3352
1886 1466
1886 1397
1397 1467
1467 1397
1397 1466
1397 1396
1397 1466
1397 1467
1397 1397
1397 1467
1397 1397
1467 1467
1466 1397
1397 1397
1466 1397
1466 1467
1886 1397
2305 1397
1467 1397
1467 978
1467 1466
1397 1397
1397 978
1397 1397
1886 1397
1397 1397
1397 1397
1467 1467
1466 1467
1466 1467
1397 1397
1466 1397
1397 1956
1956 1397
1467 1886
1886 1467
1467 1466
2375 1397
2444 1886
1397 1397
1466 1397
1885 1467
1885 2375
1467 978
1467 1466
1397 1466
1467 1397
1467 1467
1467 1467
1397 1397
1467 1466
1397 977
1467 1467
1396 1397
1397 977
1467 1467
1955 1886
1467 1467
1397 1397
1396 1467
1396 1467
1466 978
1467 1397
1397 3283
1397 1467
1886 977
1886 977
1886 1397
1886 1466
1467 978
1397 1397
1397 1397
1467 978
1955 1467
1466 908
1467 1397
1467 1467
1466 1467
1397 1467
1466 1467
1397 1467
1467 1467
1397 1397
1886 908
1467 1467
1467 1467
1467 1396
1467 1327
1397 1467
1886 1466
1467 1397
1397 1396
1397 1886
1397 1397
1467 1397
1397 1397
1327 1397
1466 978
1885 1467
1956 1467
1467 1397
1467 1397
1467 1467
1467 1466
1397 1397
1397 1397
1467 1397
1467 1397
1886 1466
1467 1396
1956 1466
1467 1467
1397 978
1397 1466
1467 1466
1466 1397
1396 1397
1886 1467
978 1467
1466 978
1397 1397
1885 1397
1397 1397
1467 1467
1886 1397
1397 1397
1466 1397
1396 3842
1397 1397
1327 1397
1396 1467
1466 1397
1397 1467
1397 1467
1397 1467
1466 1467
1467 1467
1397 1467
1397 1397
1886 1956
1467 1466
1397 1466
1397 1397
1397 977
1467 1467
1467 1397
1467 1397
1397 977
2445 978
1397 1397
1466 1467
1466 1397
1466 978
1397 978
1816 1467
1466 1467
2444 1467
1397 1397
1397 1397
1886 1397
1466 1467
1956 1397
1886 1397
1886 1397
1886 1467
1396 1397
1397 1467
1397 1397
1885 1467
1467 978
1397 1397
1397 1397
1886 1467
1467 978
1397 978
1467 1397
1397 978
1467 1466
1397 1396
1397 1397
1397 1467
1467 977
10895 1467
1396 1397
1466 10547
1467 1397
1397 1467
1956 977
1467 1396
1397 1397
1467 1397
1467 3352
1397 978
1816 1397
1397 1466
1397 1466
1467 1467
1955 1397
1886 2445
1397 1397
1886 1467
1886 1397
1467 1466
1886 1396
1397 1466
1467 1397
1886 1466
1467 1397
1956 978
1956 978
1397 1467
978 1466
1397 978
1956 1467
1396 1397
1885 1956
2375 1956
1956 1956
2374 1886
1886 1467
1886 1955
1956 1397
1886 1886
2375 1397
1466 2375
1886 1886
1886 1886
1956 1955
1956 1886
1955 1956
1886 1886
1956 1886
2305 1467
1885 1956
1955 1886
1886 1885
1886 1886
2375 1956
2445 1885
1886 1885
1886 1955
1955 2445
1886 1397
1886 1467
2375 1955
1955 2375
1886 1886
1467 1886
1956 1886
1885 1397
1885 1397
1467 1397
1886 1467
1886 1467
1886 1396
1397 3771
1956 1397
1397 978
1397 1397
1397 1467
1467 1466
1886 1397
1886 1396
1397 1466
1467 1467
1886 1397
1956 1397
1886 1466
1956 1467
1396 908
1886 1397
1816 1397
1466 978
1467 1397
1397 1397
1466 1397
1886 1467
1886 977
1397 1886
978 1466
1956 1956
1955 1397
1816 1397
1886 1397
1397 1466
1467 1467
1397 1396
1397 1397
1467 1397
1467 1466
1467 1466
1397 1396
1467 1397
1397 1466
1467 1467
1467 1397
1467 1396
1467 1467
1885 1397
1886 1467
1886 1397
1467 1467
1397 978
1885 1467
1885 1397
1466 1397
1956 1397
1467 1886
1467 1397
1467 1467
2375 1397
1397 1466
1467 1397
1397 1466
1396 1467
1397 908
1886 977
1467 978
1396 1467
1397 4680
1397 1467
1396 908
1397 1467
1467 1467
1397 1467
1397 1397
1467 1467
1467 1397
1467 1397
1397 1397
1467 1466
1467 1396
1397 1466
1816 1397
1467 977
1467 1467
1397 1397
1397 1396
1467 1466
1466 1467
1466 1397
1467 1397
1397 1466
1466 1467
2374 1397
1397 1397
1955 1467
1467 978
1886 1397
1886 1467
1467 1397
2445 1467
1466 1397
1397 1397
2375 1396
1955 1467
2305 908
1466 1397
1396 978
2375 907
2445 1467
2375 1397
1956 1397
1397 978
1397 1467
1397 1397
1886 978
1886 1466
1467 978
1397 1467
1467 1466
1397 1397
1397 977
1467 1397
1467 1467
1397 1467
1886 1396
1956 1397
1467 1397
1466 978
1396 1397
1397 978
1885 1467
8660 2794
1885 1467
1397 1397
1397 1397
1397 1467
1397 1396
1467 977
1397 1467
1466 1467
2304 1467
1397 1397
1466 1467
1467 1397
1467 978
1886 1467
1467 1466
1397 1396
1467 1396
1397 1467
1467 1466
1886 1397
1397 1397
2305 1396
1467 1466
1955 1397
1885 978
1467 1397
1397 1467
1397 1397
1397 1397
1396 1467
1397 978
1467 1396
1467 1397
1397 1397
1397 1397
1397 1397
1397 1397
1396 1397
1466 1467
1466 1956
1467 1467
1886 1397
1467 1397
1886 978
1886 1467
1956 908
1886 1397
2445 1466
1397 1466
1886 1397
1886 978
1467 1467
1885 1397
1397 1467
1396 978
1396 978
1397 1397
1397 1467
1467 1397
1467 1467
1397 1397
1397 1467
978 1397
2375 2933
1466 1397
1886 1397
1466 978
1466 1467
1397 908
1397 1397
1397 1397
1466 1467
1466 978
1397 1467
1397 908
1466 1467
1467 1467
1467 1397
1397 11384
1466 1467
1816 1397
1396 1397
1397 1467
1466 1467
1886 1467
1467 1397
1397 1397
1467 1397
1397 1397
1397 1467
1397 1397
1467 1466
1956 1397
1397 1467
2375 1396
1467 1467
1397 1397
1467 1327
1397 978
1397 1466
1466 1397
1397 1397
1397 1397
1397 978
1467 1466
1467 1396
1397 1467
1397 1467
1467 1397
1397 1397
1397 1397
1397 1467
1467 1467
1397 1397
1956 1397
1467 1466
1466 1467
2374 1397
1396 978
1396 1397
1396 1467
1467 1397
1467 1467
1956 908
1467 1466
1467 1466
1397 1397
1467 2863
1467 1467
1885 1397
1396 1397
1466 1397
1466 1467
1397 1397
1397 1397
1816 1397
1467 978
1466 1397
1396 1327
1467 1396
1397 1466
1467 1397
1396 1397
1396 1397
1886 1466
1466 1467
2375 1886
1886 1886
1397 1467
1956 1396
1886 1466
1467 978
1397 1397
1886 977
1467 908
1467 1466
1467 1396
1467 1467
978 908
2305 1397
1397 1397
1466 1467
1467 1397
2375 1956
1956 1467
1956 1397
1397 1397
1397 908
1397 1467
1397 1467
1886 1397
1397 1397
1396 1397
1466 1467
1466 1397
1467 1397
1397 1397
1467 1467
1467 1466
1886 1397
1397 1397
1886 1396
1467 908
1467 1397
1397 1397
1886 1466
1466 1397
1885 1467
1885 1397
1466 1467
1466 1467
1397 3352
1467 1466
1886 1466
1467 978
1467 1397
1886 1466
1816 977
1467 1467
1396 1397
1397 1466
1467 978
1466 1397
1397 1397
1396 1397
1397 908
1886 978
1467 1467
1885 1397
1885 1397
1466 1397
1955 1467
1397 1397
1816 1397
1396 1397
1956 978
1467 1397
1956 1397
1886 1397
1467 1466
2375 1397
1467 1397
1467 1466
1467 1467
1396 1467
1886 1467
1886 1397
1955 1467
1886 1397
1397 1397
1466 1467
1466 978
1467 1467
1467 1816
1885 1467
1886 1467
1467 1466
1397 1397
1955 1397
1885 1397
1466 1397
1397 1816
2304 1467
1886 1397
1466 978
1956 1397
1886 1467
1396 1397
1466 1467
1886 1397
1886 1397
1886 1397
1956 978
1397 1397
1467 1466
1886 5797
1956 1886
1886 1397
1956 1397
1886 1397
978 978
1467 1396
1886 1467
1397 1396
1467 1467
1396 1397
1397 1396
1466 1397
1466 1886
1886 1397
2304 978
1467 1397
908 1467
1885 1467
1956 1397
1886 1816
1886 1466
1467 1466
1467 1397
1397 1396
1467 1466
1467 1886
1885 1397
1396 1886
1396 1467
1467 1955
1886 1467
1886 1397
1466 1467
1397 1467
1885 1397
1397 1397
1466 1467
1956 1467
1955 1397
1397 1467
1886 1397
1466 1956
1885 1397
1885 1397
1955 1467
1467 1397
1886 1397
1397 1397
1466 1397
1886 1397
2375 1397
1397 1397
1885 1397
1885 1956
1886 1467
1467 1397
1397 1397
1956 1467
1467 1397
1886 1397
9010 1397
1885 1956
1467 1466
1956 4260
1466 1397
1885 1397
1467 1466
1886 1397
1397 1397
1467 1466
1466 1397
1397 1955
1956 1467
1956 977
1955 1467
1397 1397
1467 1466
1886 1397
1397 1396
1397 1397
1467 1467
1956 1467
1886 1467
1466 1467
1397 1467
1397 1467
1885 978
1466 1467
1467 1397
1397 1886
1397 1397
1467 1467
1956 1466
1467 908
1467 1396
1397 978
1467 1466
1467 1396
1886 1466
1397 1396
1956 978
1467 1397
1886 1397
1886 1885
1956 1885
1955 1397
1397 1397
1886 1397
1467 1466
1955 1397
1466 1397
1397 1397
1467 1396
1397 1466
1467 1396
1886 1816
1886 1956
1956 1467
1467 1396
1886 1885
1886 1466
1467 1467
1885 1467
1955 1467
1467 1397
1886 1467
1955 1397
1466 2375
9499 978
1467 1886
1397 1397
1397 1467
1886 1467
1467 1396
1886 1397
1816 1956
1886 1467
1886 1466
1467 1396
1397 1397
1886 1397
1467 978
1466 1397
1397 1397
1886 1397
1397 1467
1397 1397
1885 1467
1397 1397
1397 1466
1956 1466
1956 1397
1397 1397
1886 1397
1956 1467
1467 1397
1466 1397
1886 1467
1396 978
1397 1397
1886 1467
1397 1886
1886 1467
1467 1466
1816 1467
1467 1466
1467 1466
1956 1397
1466 1397
1397 1467
1956 1467
1955 1467
1885 1397
1397 1397
1886 1397
1466 1467
1467 1397
1885 1886
1886 1467
1397 1467
1886 1397
1886 1397
1397 1397
1467 1466
1467 1466
1886 1886
1886 1397
1467 1466
1466 1886
1396 1397
1885 1397
1397 2864
1956 1467
1397 1885
1397 1397
2375 1466
1397 1397
1886 1885
1467 1397
1886 1467
1466 1397
1816 1886
1467 1397
1467 1467
1955 1397
1397 1397
1396 978
1886 1397
1467 1466
1956 1397
1397 1397
1955 1467
1956 1467
1886 1885
1886 1816
1886 1956
1397 1467
1886 1467
1466 1397
1886 1397
1956 1466
1886 1467
1886 1467
1397 1467
1956 1467
1467 1397
1397 1467
2305 1467
1467 1397
1467 1466
1886 1397
1397 1396
1886 1466
1886 1886
1886 1397
1956 1397
1397 1466
1467 1467
1885 1397
1886 1397
1467 1467
1955 1467
1397 1467
1467 1397
1956 978
1956 1466
1467 1815
1886 1397
1886 1397
1397 1467
1886 1956
1886 1816
1885 1397
2374 1467
1467 1397
1816 1886
1397 1397
1397 978
1397 1396
1467 1466
1956 1397
1886 1467
1467 1466
1397 1955
908 1396
1397 1885
1955 1886
1396 1467
1955 1886
1886 1397
1955 1467
1466 1397
1885 1467
1396 1886
1886 1467
1397 1397
1397 1397
1467 1397
1956 1466
1467 1397
1397 1397
1956 1397
1886 1397
1886 1467
1397 1397
1885 1397
1396 1467
1467 1467
1397 1397
1886 1467
1467 1956
1467 1467
1886 1466
1397 1397
1397 1397
1956 1466
1397 1397
1467 1397
1397 1467
1467 1397
1956 1397
1397 1467
1886 1467
1467 1467
1956 1467
1886 1396
1886 1467
1885 1397
1816 1397
1397 1467
1466 978
1956 1397
1956 1816
1955 978
1396 1467
1885 1886
1466 1397
1886 1885
1397 1466
1467 3841
1955 1956
1886 1467
1466 1397
1885 1467
1467 1467
1467 1397
1397 1397
1467 1955
1467 1885
1397 1466
1886 1397
1956 1466
1886 1397
1467 1397
1467 978
1886 1467
1467 1466
1816 1466
1467 1397
1886 1397
1886 1467
1467 2374
1886 1397
1467 1466
2445 1467
2444 908
1886 1397
1956 1886
1955 1397
1397 1467
1886 1397
1886 1886
1467 1467
1955 1467
1956 1816
1397 1397
1466 1397
1467 1467
1467 1397
1886 1397
1886 1955
1955 1397
2863 1397
2304 1886
1886 1955
1885 1886
1466 1816
1467 1956
1956 1885
2305 1885
1886 1886
2444 1956
1886 1816
2305 1956
1886 1955
2444 1956
2305 2375
2863 1886
1886 1956
2374 1467
1397 1397
1886 1396
1467 1885
1886 4750
1885 1956
1397 1397
1397 978
1466 1397
1396 1397
1397 1397
1397 1467
1467 1397
1467 1467
1397 1397
1467 1397
1886 1397
1467 978
1467 1466
1467 978
1396 1397
1886 1397
1396 1397
1397 1467
1467 1467
1816 908
1397 978
1466 1467
1466 1467
2375 1886
1396 978
1886 1467
2375 1466
1467 1885
1816 1397
1956 1397
1956 1467
1397 1397
1816 1397
1397 1397
2444 1467
1467 1397
1467 1397
1397 1467
1397 1467
1886 1467
1956 1886
1886 1886
1466 1467
1886 1397
1886 1397
1886 1467
1886 1466
1956 1886
1956 1397
2375 1886
1466 1886
1467 1397
1397 1467
1467 1467
1956 1885
1467 1397
1886 1467
2375 1466
1397 1467
1467 1397
1397 1886
1396 1397
1886 4680
1885 1397
1885 978
1467 1467
1467 1397
1397 1397
1397 1467
1467 978
1467 908
1397 1397
1886 1467
1467 1466
1397 1397
1467 1397
1886 1397
1467 1397
1397 1396
1467 1466
1397 1466
1397 978
1396 1397
1397 1467
1886 1467
1886 1467
1397 1467
1397 1397
11524 977
1397 1397
1397 1466
1956 1397
1956 1397
1396 1467
1816 1397
1886 1467
1397 1397
1886 1466
1467 1466
1397 1397
1467 1397
1467 1397
1956 1466
1467 1397
1397 1466
1467 1466
1397 1397
1467 1467
2375 1397
1956 1956
1466 1467
1396 1397
1885 1886
1396 1467
1467 1467
1397 1397
1955 1816
1886 978
1467 978
1397 1397
1397 1397
1885 1886
1397 1467
1886 1397
1816 1397
1467 1956
1956 3423
1885 1397
1886 1397
1397 1397
1466 1886
2304 1816
1816 908
1956 1396
1467 1467
1466 1397
1397 1397
1397 1467
1956 1467
1397 1397
1956 1886
1886 1397
1467 1955
1886 1396
1886 1466
1886 2374
1397 1467
1466 1397
1886 1467
1886 1397
1467 978
1396 1397
1885 1397
1955 1816
1955 1397
1467 1397
1397 1397
1466 978
1467 1467
1467 1396
1397 1397
1886 1397
1397 1467
1955 1467
1397 1397
1327 1397
1397 977
1467 1397
1886 2375
1816 1467
1397 1467
1955 1467
1956 1397
1886 1397
1397 1467
2374 1467
1886 1396
1467 978
19137 1467
977 1467
1885 1467
1886 1467
1886 1397
1886 1397
1886 1886
1956 1467
1886 1956
1397 1886
1886 1467
1397 1397
2375 4680
1396 1467
1397 1956
1397 1397
1397 1396
1397 1466
2444 1467
1466 1397
1396 1397
1397 1467
1466 1397
1397 1467
1397 1397
1397 1397
1467 1397
1397 1467
1467 1397
1397 1397
1467 1396
1397 1466
1397 1955
1397 1397
1467 1466
1397 1397
1397 1955
1397 1396
1956 1467
2374 1397
1886 1886
1396 1467
1466 1467
1467 1397
1397 1397
1466 1397
1467 1467
1467 1885
1397 1397
1467 1397
1397 1467
1467 1397
1886 978
1397 1397
1886 1467
1467 1397
1886 1397
1397 1396
1466 1397
1397 1397
1955 978
1397 1397
1396 1467
1397 1467
1467 1466
1886 1466
1467 1466
1886 1466
1467 1466
1397 2375
2305 1886
1886 1467
2445 908
1397 1397
1397 1397
1467 1397
1467 7543
1397 1467
1397 1397
1397 978
1956 1397
1397 1397
1466 1397
1886 1397
1466 978
1397 1467
2375 1397
2375 1466
1397 1397
1956 978
1397 1466
2375 1886
1466 1886
3282 1467
1397 1467
1397 1466
1467 1397
1397 1397
1467 1397
1466 978
2375 1397
1397 978
2375 1466
1467 1397
2375 1397
1467 977
1397 1467
1397 978
1466 1397
1397 908
1467 1397
1467 978
1466 1397
1397 1466
1816 1397
1467 1466
1956 1397
1466 1397
1397 2374
1466 1467
1467 908
1466 1886
1886 1397
1467 1466
1956 1397
1886 1955
1397 1397
1467 1886
2375 1397
1397 908
1816 1396
1467 1467
1955 1397
1397 1467
1467 2375
1397 1467
1886 1397
1397 1397
1886 1467
1397 1467
1467 2374
1397 1397
1886 1467
1886 1397
1397 908
1956 1816
1396 1397
1397 1467
1955 1467
1467 1467
1886 1397
1885 1467
1886 1956
1467 1397
2375 1396
1467 1466
1467 1467
1397 2375
1886 1397
1885 1467
1467 1886
1886 1886
1467 1397
1886 2374
1956 1886
1396 1397
2375 1956
1886 1955
1467 1397
1397 1886
2304 1886
1467 1397
1886 1397
1885 1397
1955 1467
1466 1397
1886 1397
1886 1397
1396 2375
1397 1467
1397 1466
1467 1396
1886 1885
1886 1466
1955 2375
1955 1886
1886 1397
1466 1467
1886 1467
1397 2375
1397 1467
2375 1955
1467 1886
1397 1467
1885 1956
1467 1397
1397 1886
1886 1956
1886 1955
1466 1467
1397 1397
2375 1956
1466 1397
1467 1397
1397 2375
1397 1397
1955 1397
1467 1885
1886 1885
1397 1816
1397 1397
2374 1467
1397 1397
1816 1467
1886 1467
1396 1467
1956 1886
1397 1397
1886 1467
1467 1466
1886 1886
1955 1397
1467 1466
1467 1467
1885 1397
1886 1466
1467 1886
1885 1467
1397 1467
1885 1397
1885 1886
1397 1467
1397 1466
1397 1886
1467 1397
1956 1956
1466 1467
1397 978
1955 2375
1467 1466
1886 1396
1886 1886
1886 1886
1956 1397
1886 1886
1397 1816
1885 978
1466 1397
1886 1956
1886 1956
1886 1397
1956 1955
1886 1886
1397 1397
1397 1397
1397 1955
1885 1397
1885 1886
1396 1467
1956 1467
1467 1886
1886 1467
1397 1467
2375 1467
1886 2375
1397 1397
1885 1467
1467 1956
1886 6984
2375 978
1467 1467
1885 1467
1396 1397
2375 1886
1467 1466
1467 1467
1886 2305
1886 1397
1397 1396
1466 2375
1886 1397
2375 1466
1467 1397
1466 1467
1397 1886
1396 1467
1396 1467
1886 1886
2375 1397
1886 1397
1956 1955
1885 1467
1886 1467
2375 2445
1397 1397
1396 1467
1397 1397
1886 1467
1397 1467
1886 1397
1467 1816
1956 978
1885 1886
1816 1397
2444 1397
1466 1467
1886 1467
1397 1397
1886 1397
1886 1467
1466 1467
1955 1397
1396 1397
1467 1397
1466 1467
1467 1467
1886 1397
1466 1397
1956 1886
1886 1467
1467 1886
1886 1467
1956 1466
1397 1396
1886 1397
1886 1467
1466 1886
1816 1397
1396 1956
1885 1886
1466 1467
1955 1397
1816 3353
1397 1397
1467 1466
1956 1885
1886 1467
1397 1467
1886 1955
1466 1397
1886 1397
1886 1955
1956 1397
1467 1885
1886 1397
1886 1816
1886 1397
1956 1466
1397 1466
1886 1397
1467 1397
1467 1955
1886 1397
1467 1397
1397 1467
1467 1466
1886 1396
1467 1466
1886 1397
1956 1397
1467 1397
1816 1467
1467 1466
1886 1466
1467 1397
1886 1397
1886 1466
1467 1467
1956 1467
2374 1886
1885 1467
1397 1956
1956 1397
1886 1396
1886 1886
1886 1886
1397 1885
1816 1885
1886 1467
1886 1467
1467 1955
1467 1397
1397 1886
1886 1886
1467 1467
1885 2445
1886 1397
1466 1956
1467 1396
1467 1466
1397 1397
1397 1466
1956 1397
1816 1466
1466 1467
1886 1956
1886 3282
1886 1886
1886 1466
1467 1956
1955 1397
1816 2375
2375 1467
1956 1955
1886 1397
2375 2374
1397 1885
1886 1397
1397 1396
1886 1886
1886 1396
1886 1886
1885 1467
1885 1886
1396 1467
1956 1397
1886 1467
1397 1467
1467 1467
1467 1466
1397 1397
1816 1397
1467 1466
1956 1397
1397 1397
1886 1886
1956 1466
1466 1467
1886 1397
1466 1397
1466 1467
1466 1467
1886 1397
1955 1397
1886 1467
1467 1466
1467 1466
1397 1397
1955 1467
1467 1466
1467 1397
1397 1397
1885 1397
1885 1467
1397 1467
1956 1467
1397 1467
1886 1886
1956 1397
1397 1397
1886 1885
1886 1466
1467 1467
1885 1397
1466 1397
1955 1397
1396 1467
1467 1397
1397 1467
1886 1397
1955 2933
1397 1466
1886 977
1397 1396
1467 1467
1885 1397
1886 1467
1955 1397
1396 1467
1467 1397
1885 1467
1816 1467
1466 1467
1397 1466
1397 1397
1397 1467
1885 1397
1397 1886
2375 1397
1466 1397
1397 1886
2375 1467
1886 1467
1886 1397
1397 1466
1956 1397
1886 1467
1886 1466
1467 978
1466 1467
1396 1397
1886 1886
1955 1467
1467 1397
1816 1397
22909 1466
1956 1397
1466 1467
1397 1397
1466 1397
1956 1467
1956 1885
1397 1885
1886 1467
1886 1885
1467 1397
1816 1397
1886 1397
1397 1467
1467 1466
1397 1466
1467 978
1397 1396
1466 1467
1816 1467
1885 1397
1397 1467
1956 1886
1886 1467
1886 1467
1886 1467
1956 1885
1816 978
1467 1397
1397 4330
1886 1397
1816 1397
1467 1397
1956 1466
1397 1397
1397 1397
1467 1466
1956 1397
1466 1886
1886 1397
1397 1396
1467 1466
1956 1397
1816 1397
1886 1397
1467 1467
1467 1466
1467 1397
1886 1397
1886 1467
1467 1886
1885 1467
1886 1397
1396 1397
1467 1467
1886 1886
1816 1886
1886 1467
1956 1397
1886 1396
1467 1397
1467 1466
1956 1467
1396 1397
1397 1397
1886 1466
1955 1956
1955 1397
1397 1467
1397 1397
1956 1396
1886 1397
1886 1466
1467 1466
1466 1397
1397 1886
1886 1467
1397 1466
1467 1467
1466 1467
1885 1397
1886 978
1397 1956
1955 1397
1466 1397
1466 1397
1955 1467
1886 1467
1886 1467
1397 1467
1956 1397
1467 1466
1886 1396
1886 3282
1467 1467
1955 1397
1885 1397
1397 1397
1467 1467
1467 1467
1397 1397
1467 1397
1467 1466
1956 1397
1886 1816
1886 1467
1397 1467
1955 1886
1815 1886
1886 1397
1886 1397
1397 1467
1397 1397
1886 1396
1886 1466
1467 1467
1466 1467
1466 1397
1885 978
1467 1886
1816 1397
1816 1886
1467 1467
1397 1467
1886 1467
1467 1397
1886 1467
1956 1466
1397 2304
1467 1397
1397 1397
1466 1886
1816 1397
1956 1886
1886 1886
1467 1397
1816 1397
1467 1467
1886 1956
1955 1397
1397 1397
1886 1397
1886 1466
1886 1397
1396 1397
1886 1467
1467 1885
1886 1467
1956 1467
1886 1397
1886 1466
1886 1467
1396 1467
1466 1397
1467 1397
1466 1467
1886 1956
1886 3772
1886 1397
1467 1955
1467 1397
1886 1467
1956 1397
1956 1467
1886 1467
1955 1467
1467 1397
1956 1396
2375 1397
1886 1466
1397 2445
1886 1886
1467 2305
1397 1397
1885 1397
2374 1397
1397 1397
1886 1397
1467 1397
1466 1467
1467 1467
1816 1467
2374 1956
2933 2375
1886 2305
2864 2374
2444 1816
1886 2374
2864 1956
1956 2374
2375 2374
2794 1886
2863 2444
2305 2793
2863 2864
2375 1955
2375 2305
1886 2444
2933 2933
2374 2375
2305 2934
1956 2444
2933 1397
2305 1886
1955 2794
1955 1886
1467 1885
1816 1885
1467 1467
1955 1397
1466 1397
1886 1397
1467 1467
1886 1397
1886 1467
2304 1397
1466 978
1467 1397
1886 1886
1397 978
1886 1466
1397 3283
1885 1467
1397 1467
1956 1467
1397 1397
1886 1397
1886 1397
1397 1466
1397 1397
1397 1396
1467 1466
1955 1956
1886 1397
1397 1467
1886 1397
1397 1467
1466 1467
1885 1327
1886 977
1886 1396
1397 1466
1397 1466
1467 1396
1886 1466
1466 1397
1885 908
1397 1397
1955 1467
1466 1467
2375 1467
1886 1397
1886 1397
1467 1466
1397 1466
1956 1396
1397 1466
1466 1397
1885 1397
1886 1467
1885 1467
1467 1397
1886 1886
1466 1467
1886 1467
1467 1467
1397 1397
1886 1886
1467 1397
1467 1467
1397 1397
1816 1467
1815 1397
1466 1467
1956 1397
1467 1397
1397 1397
1397 1955
1397 1466
1467 1886
1886 1466
1467 1955
1885 1886
1466 1397
1816 1467
1467 3353
1886 1467
1956 1467
1467 1467
1886 1466
1886 1397
1397 1396
1397 1467
978 1467
1466 1397
1396 1397
1467 1397
1955 1467
1467 978
1886 1397
1885 1886
1396 2445
1886 1397
1886 1397
1885 1397
1885 1467
3353 2374
2305 1396
1886 2374
1886 1467
1955 1886
1955 1397
1886 1397
1466 1467
1397 1467
1467 1886
2375 1397
1467 1397
1396 1397
1886 1467
1886 1397
1955 1467
1886 1467
1885 1397
1886 1467
1467 1466
1467 1396
1886 1467
1886 1885
1467 1397
1955 1397
1886 1466
1397 1467
1955 1467
1886 1397
1886 1397
1397 1397
1467 1886
1886 1467
1397 1816
2375 1397
1467 977
1467 1397
1467 1397
1397 1466
1956 1467
12782 1397
1397 1466
1956 1397
1885 3772
1397 1467
1886 1467
1886 1886
1886 1397
1467 1397
1886 1467
1397 1397
1956 1396
1397 1397
1956 1397
1466 1467
1886 1816
1397 1467
1885 1467
1886 1397
1886 1397
1886 1467
1886 1397
2375 1397
1816 1397
1886 1886
1886 1955
1467 1397
1886 1396
1886 1886
1886 1467
1885 1397
2374 1886
1885 1397
1955 1397
1467 1396
1956 1955
1397 1885
1955 1956
1467 1397
1466 1816
1886 1467
1956 1886
1886 1815
1886 1955
1885 1397
1467 1397
1886 1397
1396 1467
1397 1467
1886 1397
1886 1397
1397 1397
1885 978
1466 978
1396 1397
1327 1396
1397 1466
1467 1396
1397 978
1397 978
1467 1466
1886 1886
1955 1956
2305 1467
2374 1956
1467 1466
1467 1397
1886 4749
1885 1467
1886 1467
1397 1397
1467 1397
1886 1467
1956 1466
1397 1466
1886 1397
1397 1467
1956 1467
1397 1397
1886 1396
1467 1397
1466 1467
1466 1397
1885 1397
1397 1466
1886 1466
1956 1467
1397 908
1886 1467
1467 1397
1956 1467
1956 1397
1397 1397
1886 1467
1467 1466
1886 1396
1467 1885
1886 1466
1886 1466
1396 1886
1397 1467
1397 1397
1466 1467
1397 1886
1885 1397
1397 1397
1466 1467
1466 1397
1467 1397
1886 908
1467 1467
1956 1466
1886 1397
1956 1466
1956 1466
1466 1467
1397 1397
1397 1467
1466 1467
1956 1467
1397 1397
1397 1467
1396 978
1885 1467
1467 1467
2305 1397
1955 1397
1885 978
1467 1467
1467 1886
1397 1397
1956 3422
1466 1467
2444 1886
1397 1467
1955 1886
1886 1466
1956 2304
1956 1956
1885 1886
1397 1467
1955 2375
2445 2374
1886 978
1886 1397
2445 2374
2375 1397
2445 1955
1466 2375
2794 1886
1885 3283
1955 1956
1886 1955
1397 1885
1886 1397
2445 1886
1886 1816
1885 1886
2374 1956
1956 1466
1886 2374
1886 1397
2444 1956
1886 1467
1956 1885
1886 1886
1955 1886
1816 1956
1886 2374
1956 1467
1885 1816
1466 1397
1885 1467
1467 1467
1466 1467
1397 1397
1466 1397
1466 978
1467 1467
1886 1397
1955 1397
1396 1397
1466 1397
1397 1397
1397 1397
1467 1396
1886 1467
1466 978
1956 1397
1397 1466
1886 1467
1397 978
1466 1397
1466 1467
1466 1467
1886 3352
978 1396
1397 978
1956 1397
1886 1885
1886 1397
1397 1397
1886 1467
2374 1886
1885 1397
1466 1397
1466 1467
2375 978
1397 1397
1955 1467
1886 1467
1956 1396
1956 1397
1467 978
1397 1397
1397 1886
1397 978
2374 1467
1955 1397
1886 1886
1467 1467
1886 1467
1467 1886
1886 1466
1467 1397
1467 1816
1886 1467
1886 1466
1886 1396
1886 1466
1397 1467
1467 1466
1397 1467
1397 977
1956 1396
1397 1397
1467 1886
1397 1397
1467 1467
1886 1467
2933 1886
1397 1816
1885 1467
1955 1467
1467 977
1816 1397
1467 1467
1467 1466
1397 2375
1955 1397
1397 1397
1886 1816
1467 1397
2375 1397
1397 1396
1816 1397
1397 1466
1467 1397
1885 1397
1397 5239
1956 977
1956 1396
1467 1397
1886 1396
1956 1467
1885 1397
1886 1467
1397 1956
1955 1467
1467 1467
1397 978
1397 978
1956 1466
1397 1397
1886 1397
1886 978
1466 1467
1886 1397
1327 1886
1956 978
1466 1467
1467 1886
1816 1467
1467 1467
1397 1397
1885 1886
1886 1397
1397 1397
2375 1397
1956 1467
1886 1467
1467 1467
1886 1467
1466 1397
1885 1467
1885 1397
1885 1467
1885 1467
1397 1467
1956 1886
1956 1956
1956 1467
1886 1886
1397 1886
1466 2445
1886 1885
1886 1886
1956 1886
1467 1466
1467 1467
1886 1397
1397 1466
1886 1466
1397 2375
1956 1397
1886 1816
1397 1467
1956 1466
1886 1397
1327 1397
1466 1397
1397 1397
1886 1467
1886 2794
1397 1397
1956 1466
1467 2374
1467 1397
1397 1955
1467 1467
1397 1397
1467 1467
1886 1885
2864 1467
1466 1397
1886 908
1466 1397
1396 1397
1467 1397
1886 1397
1885 1467
1466 1397
1467 1467
2375 1397
1886 1397
1467 1397
1956 1397
1467 1397
1397 1397
1397 1397
1886 978
1886 1397
1397 1397
1886 1467
1467 1467
1886 978
1467 1397
1956 1886
1467 1397
1956 1886
1886 1467
1397 1397
1467 1467
1955 1467
1396 1397
1885 1886
1396 1467
1397 1397
1467 1397
1956 1397
1397 1397
1467 1397
1397 1397
1467 1885
1397 1467
1467 1467
1467 1397
1397 1955
2305 1466
1956 1467
1886 1397
1816 1466
1956 1467
1466 1397
1397 1467
1885 1397
1397 1467
1886 3353
1397 1467
1886 1397
1886 1397
1397 1467
1397 1467
1397 1956
1397 1467
1886 1467
1467 1397
1397 1397
1397 1886
1397 1467
1956 1466
1886 1396
1397 1466
1886 1466
1956 1467
1885 1467
1467 1467
1885 1467
1467 1467
1466 1397
1815 1397
1467 1397
977 1467
1467 1467
1397 1397
1885 1467
1467 1467
1467 1397
1397 1397
1885 1397
1885 1886
1955 1397
1397 1397
1885 1397
1886 1466
1397 1466
1955 1397
1466 1397
1397 1467
1886 1467
1397 978
1885 1467
1396 1397
1956 1467
1467 1467
1885 1397
1466 1397
1397 1467
1467 1467
1885 1397
1885 1467
1396 1397
1467 1467
1397 1397
1397 1397
1886 1467
1956 1467
1397 1466
1886 1466
1467 1466
1956 1397
7543 3282
1886 1886
1886 1467
1397 1397
1886 1816
1886 1397
1467 1467
1467 1885
1467 908
1886 1396
1467 1955
1956 1467
1466 1397
1396 1397
1886 1397
1466 1467
1886 1397
1466 1397
1397 1397
1467 1397
1466 1397
1397 1467
1466 1397
1397 1397
1466 1397
1466 1397
1397 1467
1885 1467
1466 1397
1397 1397
1396 1397
1466 1467
1467 1397
1397 1397
1886 1397
1396 1397
1397 1466
1466 1467
1397 1396
1397 1397
1886 1397
1886 1466
1467 1467
1886 1885
1956 1397
1397 1467
1955 1397
1467 1397
1886 1466
1886 1956
1955 1886
1955 1397
1467 1397
1956 1466
1956 1396
1467 1466
1886 1396
1886 1466
1886 1397
1886 1466
1886 1397
1397 1467
1885 1886
1885 1397
1466 3353
1467 1397
1467 1397
1886 1396
1886 1397
1956 1467
1955 1397
1397 1396
1467 1396
1886 1466
1886 1467
1955 1397
1956 1397
1397 1467
1885 978
1816 1467
1886 1886
1466 1467
1467 1467
1816 1397
1397 1397
1397 1467
1956 1396
1467 1466
1956 977
1397 1396
1467 1397
1816 1397
1397 1467
1886 1397
1955 1397
1885 1886
1886 1467
1397 1397
1397 1467
1886 1397
1816 1397
1466 1467
1956 1466
1886 1886
1816 1467
1886 1397
1956 1467
1886 1886
1886 1397
1396 1397
1467 1467
1466 978
1467 1397
1397 1397
1466 1397
1466 1467
1397 1397
1467 1397
1397 1467
1467 1467
1397 1397
1397 1467
1467 1397
977 1886
1467 1467
1397 1467
1467 1397
1886 1956
1467 2863
1397 1396
1467 1466
1467 1466
1467 1467
1397 1396
1397 1397
1397 1396
1467 1397
1397 1467
1397 1396
1397 1397
1467 1467
1467 1467
1816 1397
1885 1467
1885 1397
1397 1467
1467 1886
1466 1397
1466 1467
1397 1467
1955 1397
1396 1467
1396 1397
1467 1467
1466 1397
1396 1467
1466 1397
1397 1397
1397 1467
1466 1886
1466 1467
1397 1467
1397 1467
1886 1397
1885 1467
1466 1467
1466 1467
1397 1397
1397 1397
1885 1467
1467 1467
1397 1467
1397 1467
1886 1816
1886 1467
1467 1467
1467 1397
1397 1397
1397 1397
1955 1467
1467 1467
1886 1397
1467 1397
1886 977
1397 1397
1467 1885
1467 1397
1397 1955
1397 1396
1397 1467
1397 1885
1956 2444
1397 2794
1955 1467
908 978
1886 1467
1467 1397
1886 1956
1397 1397
1397 1466
1886 1397
1886 1466
1467 1886
1886 1466
1467 1467
1397 1397
1467 1467
2375 2305
1886 1396
1886 1397
1467 1885
1956 1397
1816 1886
1885 1467
1466 1467
977 1886
1955 1397
1396 978
1885 1467
1886 1886
1397 1467
1886 1397
1397 1467
1956 1397
1467 1397
1955 1397
1466 1467
1467 1467
1467 1397
1397 1397
1397 1886
1467 1467
1886 1885
1816 1397
1467 978
1956 1955
1956 1396
1886 1467
1955 1467
1886 1816
1886 1886
1956 1397
1886 1466
1886 1396
1816 1467
2375 1955
1956 1955
1885 1956
1397 1886
1956 1466
1886 1886
2375 2375
2445 2445
2375 1955
1886 1886
2375 2444
1467 32896
1397 978
1396 1397
1396 1467
1467 1467
1396 1467
1466 1467
1467 1397
1886 1397
1886 1397
1396 1397
1466 1467
1466 1467
1396 1397
1397 977
1397 907
1397 1467
1466 1397
1397 1467
1397 1397
1467 1467
1467 1397
1467 1397
1397 1397
1466 1467
1467 1397
1397 1467
1397 1397
1467 1397
1467 1397
1397 1397
1886 1467
1467 1467
1956 1466
1886 1397
1886 1885
1886 2445
1397 978
1885 1397
1397 978
1397 1467
1467 1397
1467 1397
1397 1397
1885 1467
1885 978
1466 1397
1397 1466
1397 1396
1467 1397
1467 1397
1885 1397
1397 1397
1467 1467
1466 1397
1885 978
1816 1397
1396 1467
1467 908
1397 978
1397 908
1397 978
1467 1885
1397 1467
1956 4260
1397 1467
1397 1397
1396 1467
1466 1467
1885 1467
1397 1397
1397 1467
1466 1397
1397 1467
1397 977
1397 908
1397 1467
1397 1467
1397 1467
1467 1397
1397 1467
1956 1397
1467 1466
1467 1397
1397 1396
1886 978
1397 1466
1467 1397
1467 1397
1397 1396
1397 1466
1466 1397
1397 1467
1397 1397
1397 1467
1466 1397
1885 1467
1466 1397
1397 1397
1466 1467
1397 1467
1466 1467
1396 1467
1466 1467
1397 1397
1397 1397
1467 1886
1886 1467
1886 1396
1886 1397
1397 1467
1886 1466
1467 908
1816 1397
1886 1397
1397 1467
1467 1467
2375 1397
2864 1397
1886 1467
2375 1467
1885 908
1397 1397
1397 1956
1397 1467
1886 1397
1397 1397
1467 1397
978 3771
1956 1467
1397 1466
1886 1467
2863 1397
1397 1467
1886 1397
1467 1955
1886 1397
1886 1467
2305 1397
1466 978
1886 1886
1885 1467
1886 1467
1397 1397
1397 1396
1397 1397
1397 1467
1467 978
1397 1397
1816 1397
1396 1397
1466 1397
1466 1467
1956 1397
1886 1397
1467 1467
1467 1467
1886 978
13829 1467
1397 1397
1467 1397
1466 1397
1956 1467
1397 1467
1467 1467
1886 1467
1886 1467
1397 1396
1397 1467
1467 1467
1397 977
1397 1397
1397 908
1397 977
1397 1466
1397 1467
1397 1397
1397 908
1467 1396
978 1466
1886 1396
1397 1397
1397 1467
1466 1467
1397 1467
1467 1397
1397 1467
1467 1397
1956 1396
1397 977
1397 978
1467 978
1467 3283
1466 1467
1885 1397
1397 1467
1886 1397
1886 1397
1956 1467
1467 977
1397 1397
1397 1397
1467 1397
1956 1397
1886 1397
1397 1466
1467 1397
1467 1397
1466 1397
1397 1397
1886 1397
1466 978
1467 1397
1885 1397
1467 1397
1886 1467
1466 1467
1466 908
2374 1886
1955 1467
1467 1467
1397 1467
1397 1397
1397 1467
1467 977
1886 1397
1397 1397
1467 1467
1467 1466
1886 1397
1397 1466
1467 1467
1956 977
1467 1466
1886 977
1397 1396
1467 1467
1955 1397
1886 1397
1467 1397
1956 1396
1467 1467
1397 1466
1886 1396
1956 1397
1466 1886
1466 1397
1397 1397
1467 907
1397 978
1467 978
1397 1327
1886 1467
1956 1467
1397 977
1397 977
1397 3352
1397 977
1466 1397
1397 1467
1467 1397
1397 1467
1466 1397
1397 1467
1397 1467
1397 1467
1467 1397
1886 1397
1467 1397
1467 1397
1956 978
1397 1397
1886 1467
1886 1397
1886 978
1397 977
1816 1467
1956 2374
1467 1397
1396 1467
1397 1397
1397 1397
1467 1467
1467 1396
1397 1816
1956 1397
1397 1467
1467 1397
1397 1397
1886 1467
1886 1397
1956 978
1467 908
1467 908
1886 1397
1467 977
1467 1396
1397 1466
1397 1396
1467 1397
1397 1397
1397 1397
1397 1397
1467 1467
1467 1467
1397 1397
1466 1397
1396 1467
1467 1467
1467 1397
1396 1467
1886 1467
1467 1467
1956 1397
1397 1397
1466 1467
1397 1467
1396 1397
1397 1397
1397 1396
1467 3422
1466 1467
1466 1397
1466 1397
1397 1467
1466 1397
1397 1467
1397 1397
1396 1397
1467 1397
1886 1467
1467 1397
1397 908
1467 1466
1467 1397
1467 1467
1397 1467
1397 1466
1397 1396
1886 1466
1886 1466
1886 1466
1397 1397
1397 1466
1467 1397
1886 1467
1397 1397
1885 1397
1886 978
1397 978
1397 1467
1467 1397
1397 1466
1467 1396
1467 1466
1466 1397
1397 1397
1397 1397
1397 1467
1466 1397
1397 1886
1397 978
1466 1467
1886 1397
1467 1467
1397 1467
1467 1397
1956 1955
1397 1397
1397 1466
1885 1467
1467 1397
1397 1397
2305 1397
1467 1467
2793 1397
2374 1467
2375 1466
2444 1397
2304 2375
1467 1885
1467 1397
1397 1886
1467 977
1816 6216
1467 1397
1816 1397
1886 978
1397 1956
1956 1466
1886 1467
1397 1955
1955 978
1886 1467
2375 1955
1467 978
1955 1886
2374 2445
1466 978
1955 1467
1886 1397
1397 1467
1886 1466
1467 1467
1396 1397
1955 978
1396 1886
1886 1467
1886 1397
1397 1467
1467 977
2374 978
1885 1397
1955 1397
1885 1397
1885 1467
1816 1397
2374 908
1466 1467
977 1397
1397 1397
1886 1397
1397 1467
1956 1466
1886 1397
2305 908
1397 2444
1466 978
2304 1397
1397 1886
1466 1467
1467 978
1397 1397
1467 1397
1886 2374
1956 1467
1956 1396
1397 1396
1886 978
1886 1397
1886 1886
1955 1467
1956 1466
1467 1886
1397 1396
1886 1397
1467 1955
1397 1396
1397 3282
1956 1397
2375 1467
1467 1397
1955 1397
1397 1467
1397 1886
2374 1467
1886 1396
1886 1816
2863 1467
1467 1466
1886 1886
1467 2304
1467 1397
1466 1886
1396 1397
1396 1397
1466 1467
