11650 15497 15395 20664 23490
20874 28556 28233 39450 48179
30425 42071 41332 59294 74260
40059 59765 54863 82951 103769
50225 85269 68894 124967 149020
59796 87397 81688 156332 184025
69787 119215 100222 244905 269334
79161 123764 112319 252792 282220
88988 179996 134838 413595 436155
98285 229494 140764 413679 441833
106563 182897 149100 416895 442736
78136 166304 113325 408147 409201
76666 134785 111402 321743 326748
82453 178402 121636 336445 369751
88176 181084 131137 366695 407590
93786 214873 141888 423455 457972
100586 173171 144845 417569 435935
109572 259022 157882 570107 572098
114733 210770 161961 540610 563366
120386 201177 167370 459632 492954
126667 259239 181811 702431 688267
132818 293610 192765 828160 807573
138220 251886 191598 489740 540460
144101 235171 198847 504085 545366
150004 278552 208871 568592 599459
155881 266434 218131 631773 654912
161680 337414 227727 721392 709671
167315 339170 237968 822904 775501
173105 426778 247957 883231 855250
178867 371681 256224 994151 908477
184550 418362 266695 1083830 969137
190248 423660 276664 1190982 1036829
195981 472773 287641 1304695 1078552
202118 567049 298067 1369485 1203673
207922 519942 309188 1483186 1245246
213711 530896 317058 1564713 1308233
219609 589744 328274 1680648 1360803
225057 580706 337580 1765314 1441989
230712 681545 348383 1830155 1506499
236343 602315 357514 1906370 1574587
242337 661466 368720 2001860 1627417
247749 628561 377962 2115445 1741463
253697 652376 387857 2228357 1819026
259509 646351 397809 2274353 1872307
265105 828026 406074 2489402 2121641
272047 686873 417363 2770234 2482439
276840 674639 424931 2459143 2064814
282458 725660 430386 2562466 2154643
288414 691305 438273 2660649 2245792
294318 827553 446734 2699879 2366376
299956 714537 456434 2789257 2416019
306239 796354 463439 2875670 2512276
311767 809977 471496 2959129 2579762
317628 792412 478816 3063061 2692159
323533 837177 487845 3150065 2756556
328720 998505 497193 3130516 2862605
335057 842647 505769 3223925 2925225
340471 790704 512563 3292958 3015111
346811 845464 520076 3381455 3076670
352461 835214 528793 3490574 3191909
357737 1005102 536029 3535193 3294707
363676 830744 544151 3576654 3317403
369332 922377 551190 3658081 3443087
375128 971974 559924 3816505 3586905
381086 928831 566832 3840253 3607620
386619 1011035 576515 3932786 3758008
392368 1155130 583118 3943759 3797483
397796 1040459 591542 4050256 3865076
404237 981735 602498 4300674 4129936
410726 922338 607892 4166713 4050431
416308 1015441 614627 4257061 4131340
421843 1236737 624281 4351613 4241169
427280 1029890 631387 4427265 4318173
432687 979707 639819 4526267 4417708
439001 1090225 648317 4630269 4545957
444252 1005364 656656 4734452 4661966
450172 1173220 664602 4797088 4769099
456232 1037598 674416 4935923 4846204
464253 1225798 698495 5619445 5500739
467413 1246151 691559 5171343 5155379
472698 1154895 696675 5210585 5124633
478604 1240659 705809 5229710 5208019
484471 1301542 714482 5295416 5324833
489839 1272251 723497 5415772 5403705
495844 1208064 731188 5507485 5475773
502134 1318284 739541 5604359 5605637
507526 1229086 749697 5687063 5711775
513693 1474491 758375 5794030 5813902
519408 1244560 769419 5885943 5896798
525089 1425499 775725 6005044 6026147
531634 1328892 792053 6360021 6361514
537388 1413162 793489 6249745 6196072
543432 1312725 801833 6324736 6263427
549116 1552443 810090 6385808 6442141
554685 1332408 819949 6466530 6461086
561550 1495267 829041 6591376 6562690
566268 1359372 837907 6748364 6659502
572045 1457355 846383 6843505 6794888
577722 1426349 853913 6951096 6864040
583473 1441622 862918 6970232 6894049
